-0.000006	-9.211417	-8.753645	-0.000009	-81.246353	0
-0.000006	-9.211417	-8.753645	-0.000009	-81.246353	0
-0.000006	-9.211417	-8.753645	-0.000009	-81.246353	0
0.000042	-9.211458	-8.753638	-0.000009	-81.246361	-0.000033
0.000348	-9.211752	-8.753591	-0.000009	-81.246407	-0.000348
0.001186	-9.212524	-8.753463	-0.000009	-81.246536	-0.001178
0.002816	-9.214046	-8.753207	-0.000009	-81.246788	-0.002821
0.005507	-9.216548	-8.752783	-0.000009	-81.247208	-0.005509
0.009521	-9.220287	-8.752157	-0.000009	-81.247841	-0.009525
0.015118	-9.225502	-8.75129	-0.000009	-81.248703	-0.015117
0.022572	-9.232437	-8.750126	-0.000009	-81.249878	-0.022568
0.032147	-9.241346	-8.748627	-0.000009	-81.251373	-0.032142
0.044107	-9.252463	-8.746756	-0.000009	-81.253242	-0.044107
0.058721	-9.266043	-8.744469	-0.000009	-81.255531	-0.058726
0.076266	-9.28233	-8.741723	-0.000009	-81.258278	-0.076266
0.096998	-9.301567	-8.738475	-0.000009	-81.261536	-0.096992
0.121199	-9.323994	-8.734674	-0.000009	-81.26532	-0.121202
0.149146	-9.349842	-8.730288	-0.000009	-81.269707	-0.149146
0.181107	-9.379374	-8.725255	-0.000009	-81.27475	-0.181106
0.21737	-9.412827	-8.719538	-0.000009	-81.280457	-0.217364
0.258169	-9.450399	-8.713099	-0.000009	-81.286896	-0.258168
0.303522	-9.492068	-8.705921	-0.000009	-81.294067	-0.30352
0.353232	-9.537637	-8.698037	-0.000009	-81.301956	-0.353235
0.407051	-9.586843	-8.689487	-0.000009	-81.310516	-0.407049
0.46473	-9.639441	-8.68029	-0.000009	-81.31971	-0.46473
0.526028	-9.695168	-8.670503	-0.000009	-81.329491	-0.526028
0.590693	-9.753782	-8.660142	-0.000009	-81.339859	-0.590694
0.658474	-9.81503	-8.64925	-0.000009	-81.350746	-0.65848
0.729125	-9.878651	-8.637861	-0.000009	-81.362137	-0.729121
0.802395	-9.944398	-8.626021	-0.000009	-81.373978	-0.8024
0.878025	-10.012018	-8.613764	-0.000009	-81.38623	-0.878018
0.955764	-10.081273	-8.601117	-0.000009	-81.39888	-0.955761
1.035356	-10.1519	-8.58814	-0.000009	-81.411858	-1.035345
1.116529	-10.223659	-8.574861	-0.000009	-81.42514	-1.116523
1.199026	-10.296289	-8.561325	-0.000009	-81.438667	-1.199028
1.282584	-10.369561	-8.547567	-0.000009	-81.452423	-1.282578
1.366926	-10.443232	-8.533649	-0.000009	-81.466347	-1.366925
1.45179	-10.517043	-8.519603	-0.000009	-81.480392	-1.451787
1.536936	-10.590798	-8.505476	-0.000009	-81.494514	-1.53693
1.622321	-10.664462	-8.491261	-0.000009	-81.508736	-1.622322
1.707946	-10.738035	-8.476966	-0.000009	-81.523033	-1.707947
1.793817	-10.811506	-8.462596	-0.000009	-81.537399	-1.793821
1.879928	-10.884881	-8.448153	-0.000009	-81.551842	-1.879927
1.966284	-10.958164	-8.433621	-0.000009	-81.566368	-1.966282
2.052879	-11.031341	-8.419024	-0.000009	-81.580978	-2.052885
2.139721	-11.104426	-8.404345	-0.000009	-81.59565	-2.139721
2.226808	-11.177409	-8.389591	-0.000009	-81.610405	-2.226806
2.314147	-11.25029	-8.374764	-0.000009	-81.625229	-2.31414
2.401725	-11.32308	-8.359864	-0.000009	-81.640129	-2.401723
2.489549	-11.395757	-8.344889	-0.000009	-81.655113	-2.489554
2.577625	-11.468354	-8.329833	-0.000009	-81.670166	-2.577619
2.665946	-11.540826	-8.314717	-0.000009	-81.68528	-2.665948
2.754519	-11.613208	-8.299527	-0.000009	-81.70047	-2.75451
2.843338	-11.685498	-8.284256	-0.000009	-81.715744	-2.843337
2.932408	-11.757665	-8.268918	-0.000009	-81.731071	-2.932413
3.02173	-11.829739	-8.253512	-0.000009	-81.746483	-3.021722
3.111298	-11.9017	-8.238033	-0.000009	-81.761963	-3.111296
3.201123	-11.973559	-8.222486	-0.000009	-81.777504	-3.201119
3.2912	-12.045323	-8.206872	-0.000009	-81.793121	-3.291207
3.381529	-12.116966	-8.191191	-0.000009	-81.808807	-3.381528
3.472115	-12.188515	-8.175436	-0.000009	-81.824562	-3.472115
3.562953	-12.259953	-8.159619	-0.000009	-81.840378	-3.56295
3.654043	-12.33128	-8.14373	-0.000009	-81.856262	-3.65405
3.745391	-12.402503	-8.12778	0	-81.872215	-3.7454
3.836995	-12.473608	-8.111762	0	-81.888229	-3.836998
3.928858	-12.544611	-8.095684	0	-81.904312	-3.928862
4.020978	-12.615505	-8.079532	0	-81.920464	-4.020976
4.113356	-12.686281	-8.063326	0	-81.936668	-4.113354
4.205992	-12.756954	-8.047046	0	-81.95295	-4.205997
4.298885	-12.827515	-8.030712	0	-81.969284	-4.298891
4.392036	-12.89795	-8.014318	0	-81.98568	-4.392032
4.485451	-12.968288	-7.997849	0	-82.002144	-4.485456
4.579129	-13.038502	-7.981334	0	-82.018669	-4.579129
4.673065	-13.108603	-7.964751	0	-82.03524	-4.673067
4.767264	-13.178595	-7.948108	0	-82.051872	-4.767271
4.861727	-13.248463	-7.93141	0	-82.068581	-4.861723
4.956454	-13.318222	-7.914653	0	-82.085342	-4.956458
5.051445	-13.387851	-7.897835	0	-82.102158	-5.051442
5.146698	-13.457373	-7.880962	0	-82.119026	-5.146708
5.242216	-13.526781	-7.864038	0	-82.135963	-5.242222
5.338004	-13.596059	-7.847044	0	-82.152946	-5.338002
5.434055	-13.665222	-7.83001	0	-82.169975	-5.434065
5.530375	-13.734266	-7.812917	0	-82.18708	-5.530376
5.62696	-13.803182	-7.795762	0	-82.204231	-5.626969
5.723814	-13.871982	-7.77856	0	-82.221436	-5.723812
5.820937	-13.940658	-7.761312	0	-82.238678	-5.820936
5.918324	-14.009209	-7.743996	0	-82.255997	-5.918325
6.015987	-14.077641	-7.72664	0	-82.273361	-6.015997
6.11392	-14.145942	-7.709229	0	-82.290771	-6.113918
6.212122	-14.21413	-7.691772	0	-82.30822	-6.212121
6.310594	-14.282176	-7.674261	0	-82.325729	-6.31059
6.409341	-14.350108	-7.656703	0	-82.343292	-6.40934
6.508358	-14.41791	-7.639097	0	-82.360893	-6.508356
6.607645	-14.485581	-7.621445	0	-82.378548	-6.607655
6.707213	-14.553123	-7.603745	0	-82.396255	-6.707218
6.807051	-14.620539	-7.585992	0	-82.414001	-6.807047
6.907158	-14.687825	-7.568206	0	-82.431793	-6.907158
7.007548	-14.754979	-7.550364	0	-82.449623	-7.007551
7.108206	-14.821999	-7.532491	0	-82.467506	-7.10821
7.209147	-14.888892	-7.514555	0	-82.485435	-7.209151
7.310363	-14.95565	-7.496593	0	-82.503403	-7.310358
7.411855	-15.022272	-7.478585	0	-82.521408	-7.411862
7.513628	-15.088764	-7.460528	0	-82.539467	-7.513633
7.615671	-15.155112	-7.442439	0	-82.557549	-7.615669
7.718002	-15.221336	-7.424309	0	-82.575691	-7.718004
7.820601	-15.28742	-7.406132	0	-82.593857	-7.820604
7.92349	-15.35336	-7.387928	0	-82.612068	-7.923486
8.026653	-15.41917	-7.369684	0	-82.63031	-8.026651
8.130098	-15.484845	-7.351392	0	-82.648605	-8.130098
8.233826	-15.550365	-7.333074	0	-82.666924	-8.233827
8.337833	-15.615756	-7.314715	0	-82.685272	-8.337837
8.442123	-15.681003	-7.296329	0	-82.703667	-8.44213
8.546695	-15.746104	-7.277904	0	-82.722092	-8.546705
8.651547	-15.811069	-7.259443	0	-82.740547	-8.651546
8.756683	-15.875892	-7.240944	0	-82.759056	-8.756685
8.862105	-15.94056	-7.222424	0	-82.777573	-8.862105
8.967815	-16.005093	-7.20387	0	-82.79612	-8.96781
9.073801	-16.069481	-7.185282	0	-82.814713	-9.073812
9.180075	-16.133718	-7.166668	0	-82.833328	-9.180079
9.286635	-16.197809	-7.14802	0	-82.851974	-9.286645
9.393484	-16.261751	-7.129345	0	-82.870651	-9.393477
9.500614	-16.325546	-7.110643	0	-82.889351	-9.500624
9.608031	-16.389196	-7.091915	0	-82.908081	-9.608036
9.715737	-16.452692	-7.073159	0	-82.926826	-9.715748
9.82373	-16.516033	-7.054383	0	-82.94561	-9.823741
9.932011	-16.579227	-7.035574	0	-82.964424	-9.932016
10.040579	-16.642267	-7.016744	0	-82.983246	-10.040573
10.149435	-16.705149	-6.997894	0	-83.00209	-10.149429
10.258578	-16.767883	-6.979018	0	-83.020973	-10.258585
10.368015	-16.83046	-6.960121	0	-83.039864	-10.368022
10.47774	-16.892881	-6.941204	0	-83.058792	-10.47774
10.587752	-16.955145	-6.922273	0	-83.077721	-10.587759
10.698058	-17.017256	-6.903316	0	-83.096672	-10.698059
10.808651	-17.079201	-6.884338	0	-83.115646	-10.808658
10.919538	-17.140987	-6.865354	0	-83.134636	-10.919538
11.030713	-17.20262	-6.846336	0	-83.153656	-11.030717
11.142181	-17.264086	-6.827318	0	-83.172676	-11.142179
11.253937	-17.325396	-6.808273	0	-83.191719	-11.253939
11.365993	-17.386539	-6.789221	0	-83.210777	-11.365997
11.478336	-17.447519	-6.770156	0	-83.229843	-11.478338
11.590973	-17.508337	-6.751078	0	-83.248924	-11.590978
11.703903	-17.568989	-6.731979	0	-83.268005	-11.703899
11.817122	-17.629471	-6.71288	0	-83.287117	-11.817137
11.930639	-17.689798	-6.693761	0	-83.306236	-11.930639
12.044451	-17.74995	-6.674635	0	-83.325356	-12.044457
12.158555	-17.809929	-6.65551	0	-83.344482	-12.158557
12.272953	-17.869751	-6.636357	0	-83.363625	-12.272955
12.387645	-17.929386	-6.617211	0	-83.382782	-12.387652
12.50263	-17.988863	-6.598059	0	-83.401932	-12.502632
12.617909	-18.04817	-6.578893	0	-83.421097	-12.61791
12.733488	-18.107296	-6.559734	0	-83.440262	-12.733487
12.84936	-18.166258	-6.540561	0	-83.459435	-12.849362
12.965527	-18.225042	-6.521388	0	-83.4786	-12.965536
13.081986	-18.283644	-6.502215	0	-83.49778	-13.081993
13.198746	-18.342079	-6.483036	0	-83.51696	-13.198748
13.315799	-18.40033	-6.463863	0	-83.536133	-13.315802
13.43315	-18.45841	-6.444684	0	-83.555305	-13.433153
13.550797	-18.51631	-6.425505	0	-83.574478	-13.550804
13.668736	-18.574024	-6.406332	0	-83.593651	-13.668737
13.786976	-18.631565	-6.387159	0	-83.612831	-13.786986
13.905509	-18.688919	-6.368	0	-83.631989	-13.905517
14.024342	-18.746094	-6.348834	0	-83.651154	-14.024345
14.143474	-18.803089	-6.329675	0	-83.670319	-14.143474
14.262894	-18.8599	-6.310522	0	-83.689468	-14.2629
14.382618	-18.916523	-6.291383	0	-83.708611	-14.382625
14.502636	-18.972965	-6.272244	0	-83.727745	-14.502648
14.62295	-19.029211	-6.253119	0	-83.746872	-14.622955
14.743561	-19.085278	-6.233999	0	-83.765991	-14.743559
14.864468	-19.141153	-6.214894	0	-83.785103	-14.864479
14.985672	-19.196838	-6.195802	0	-83.804184	-14.985682
15.107177	-19.252338	-6.176717	0	-83.82328	-15.107183
15.228975	-19.307638	-6.157645	0	-83.842346	-15.228983
15.351074	-19.362762	-6.138587	0	-83.861404	-15.351081
15.473466	-19.417679	-6.119548	0	-83.88044	-15.473477
15.596156	-19.472399	-6.100523	0	-83.899467	-15.596173
15.719148	-19.526939	-6.081512	0	-83.91848	-15.719151
15.842433	-19.581274	-6.062521	0	-83.937462	-15.842443
15.966009	-19.635422	-6.043543	0	-83.956444	-15.966018
16.089888	-19.689362	-6.024593	0	-83.975403	-16.089891
16.214058	-19.743107	-6.005656	0	-83.994331	-16.214066
16.338457	-19.796608	-5.986759	-0.000009	-84.013229	-16.338469
16.462713	-19.849657	-5.967977	-0.000009	-84.032013	-16.462725
16.586374	-19.901995	-5.949396	-0.000009	-84.050598	-16.586382
16.708994	-19.953346	-5.931118	-0.000009	-84.068878	-16.708996
16.830128	-20.003489	-5.91323	-0.000009	-84.086761	-16.830132
16.949301	-20.052155	-5.895826	-0.000009	-84.104164	-16.949308
17.066053	-20.099108	-5.878995	-0.000009	-84.121002	-17.066063
17.179926	-20.144091	-5.862836	-0.000009	-84.137154	-17.17993
17.290442	-20.186878	-5.847437	-0.000009	-84.152557	-17.290447
17.397121	-20.227226	-5.832879	-0.000009	-84.167107	-17.397129
17.499489	-20.264896	-5.819277	-0.000009	-84.180717	-17.499496
17.597067	-20.299648	-5.80669	-0.000009	-84.193298	-17.597086
17.689373	-20.331245	-5.795233	-0.000009	-84.204758	-17.689381
17.775921	-20.35947	-5.784994	-0.000009	-84.215004	-17.775934
17.856232	-20.384077	-5.776047	-0.000009	-84.223946	-17.856234
17.929819	-20.40484	-5.768486	-0.000009	-84.231506	-17.929827
17.996199	-20.421537	-5.762411	-0.000009	-84.237587	-17.996202
18.054955	-20.433947	-5.757884	-0.000009	-84.242104	-18.054962
18.106043	-20.442011	-5.754951	-0.000009	-84.245041	-18.106054
18.149742	-20.445801	-5.753565	-0.000009	-84.246429	-18.149748
18.18643	-20.445404	-5.753713	-0.000009	-84.246277	-18.186436
18.21648	-20.44091	-5.755347	-0.000009	-84.244637	-18.216486
18.240269	-20.432413	-5.758449	-0.000009	-84.241539	-18.240284
18.258183	-20.419998	-5.762976	-0.000009	-84.237015	-18.258188
18.270605	-20.403751	-5.768889	-0.000009	-84.231102	-18.270617
18.277916	-20.383749	-5.776162	-0.000009	-84.223831	-18.277918
18.28051	-20.36009	-5.784766	-0.000009	-84.215233	-18.280523
18.278786	-20.332834	-5.794662	-0.000009	-84.205322	-18.278797
18.273115	-20.302082	-5.805809	-0.000009	-84.194183	-18.273123
18.263905	-20.267899	-5.818187	-0.000009	-84.181808	-18.263912
18.251551	-20.23037	-5.831749	-0.000009	-84.168243	-18.251549
18.236433	-20.189575	-5.846462	-0.000009	-84.153534	-18.236433
18.218962	-20.145599	-5.862298	-0.000009	-84.137695	-18.21896
18.199511	-20.098524	-5.87921	-0.000009	-84.120789	-18.199512
18.178486	-20.04841	-5.897165	-0.000009	-84.102821	-18.178488
18.1562	-19.995358	-5.916136	-0.000009	-84.083855	-18.156219
18.13275	-19.939369	-5.936102	-0.000009	-84.063889	-18.132753
18.108156	-19.880522	-5.957024	-0.000009	-84.042969	-18.108162
18.082476	-19.818905	-5.978874	-0.000009	-84.021118	-18.082476
18.055744	-19.754616	-6.001599	-0.000009	-83.998383	-18.055742
18.028009	-19.687712	-6.025172	-0.000009	-83.974823	-18.028013
17.999313	-19.61829	-6.049558	-0.000009	-83.950439	-17.999323
17.969702	-19.54645	-6.074697	-0.000009	-83.925293	-17.969702
17.939213	-19.472263	-6.100571	-0.000009	-83.899422	-17.939219
17.907906	-19.395805	-6.127137	-0.000009	-83.872864	-17.907907
17.875807	-19.317188	-6.154348	-0.000009	-83.84565	-17.875814
17.842966	-19.236477	-6.182172	-0.000009	-83.817818	-17.842974
17.809427	-19.153767	-6.210575	-0.000009	-83.789421	-17.809439
17.775227	-19.069128	-6.239516	-0.000009	-83.760475	-17.775238
17.740412	-18.982666	-6.268948	-0.000009	-83.731041	-17.740425
17.705019	-18.894447	-6.298851	-0.000009	-83.701141	-17.705029
17.669096	-18.804571	-6.329177	-0.000009	-83.670815	-17.669104
17.632679	-18.713116	-6.359893	-0.000009	-83.640099	-17.632679
17.595808	-18.620174	-6.390966	-0.000009	-83.609032	-17.595808
17.558521	-18.525816	-6.422349	-0.000009	-83.577644	-17.558521
17.520861	-18.430138	-6.454028	-0.000009	-83.545967	-17.52087
17.482866	-18.333225	-6.485942	-0.000009	-83.514046	-17.48287
17.444572	-18.235153	-6.518078	-0.000009	-83.481911	-17.444586
17.406019	-18.136023	-6.550396	-0.000009	-83.449593	-17.406023
17.367239	-18.035902	-6.582862	-0.000009	-83.417145	-17.367243
17.328276	-17.934887	-6.615442	-0.000009	-83.384544	-17.328279
17.289154	-17.833059	-6.648103	-0.000009	-83.351898	-17.289169
17.249918	-17.730497	-6.680824	-0.000009	-83.319168	-17.249924
17.210598	-17.627285	-6.713566	-0.000009	-83.286423	-17.210613
17.171232	-17.523518	-6.746294	-0.000009	-83.253693	-17.171236
17.131845	-17.419271	-6.778989	-0.000009	-83.221001	-17.131857
17.092485	-17.314636	-6.811616	-0.000009	-83.18837	-17.092497
17.053173	-17.209686	-6.844149	-0.000009	-83.155838	-17.053169
17.013937	-17.104521	-6.876562	-0.000009	-83.123428	-17.013941
16.974815	-16.999208	-6.908825	-0.000009	-83.091179	-16.974831
16.935839	-16.893847	-6.940908	-0.000009	-83.059082	-16.93585
16.897034	-16.788488	-6.972802	-0.000009	-83.027191	-16.897038
16.858391	-16.683159	-7.004494	-0.000009	-82.995499	-16.858406
16.819929	-16.577864	-7.035977	-0.000009	-82.964012	-16.819942
16.781635	-16.472586	-7.067259	-0.000009	-82.932732	-16.781643
16.743507	-16.367342	-7.098346	-0.000009	-82.901649	-16.743511
16.705547	-16.262127	-7.12923	-0.000009	-82.870758	-16.705561
16.667757	-16.156939	-7.159914	-0.000009	-82.84008	-16.667759
16.630135	-16.051781	-7.190389	-0.000009	-82.809601	-16.63014
16.592672	-15.946644	-7.220675	-0.000009	-82.77932	-16.59267
16.555372	-15.841531	-7.250752	-0.000009	-82.749245	-16.555386
16.51824	-15.736452	-7.280635	-0.000009	-82.71936	-16.518248
16.48127	-15.631405	-7.310309	-0.000009	-82.689682	-16.481277
16.444456	-15.526382	-7.339788	-0.000009	-82.660202	-16.444454
16.407803	-15.421384	-7.369058	-0.000009	-82.630936	-16.407816
16.371305	-15.316422	-7.398133	-0.000009	-82.601852	-16.371307
16.33497	-15.211473	-7.427007	-0.000009	-82.572983	-16.334986
16.298792	-15.106565	-7.455685	-0.000009	-82.544312	-16.298794
16.262768	-15.001684	-7.484148	-0.000009	-82.515846	-16.262785
16.226898	-14.896825	-7.512423	-0.000009	-82.487564	-16.226908
16.191181	-14.792003	-7.540495	-0.000009	-82.459488	-16.191181
16.155619	-14.687195	-7.568367	-0.000009	-82.431625	-16.155621
16.120207	-14.582427	-7.596036	-0.000009	-82.403961	-16.120209
16.084944	-14.477689	-7.623504	-0.000009	-82.37648	-16.084948
16.049837	-14.372967	-7.650776	-0.000009	-82.34922	-16.049835
16.014874	-14.268278	-7.67784	-0.000009	-82.322151	-16.014872
15.980056	-14.163613	-7.704716	-0.000009	-82.29528	-15.980058
15.945391	-14.058988	-7.731375	-0.000009	-82.268616	-15.945393
15.910872	-13.954385	-7.757847	-0.000009	-82.242149	-15.910876
15.876496	-13.849811	-7.784111	-0.000009	-82.215881	-15.876494
15.842263	-13.745265	-7.810179	-0.000009	-82.189812	-15.842278
15.808176	-13.64074	-7.836045	-0.000009	-82.163948	-15.808177
15.774231	-13.536252	-7.861709	-0.000009	-82.138275	-15.774241
15.740431	-13.431797	-7.887179	-0.000009	-82.112816	-15.74044
15.706768	-13.327358	-7.912446	-0.000009	-82.087547	-15.706771
15.673244	-13.222954	-7.937512	-0.000009	-82.062485	-15.673252
15.639861	-13.118573	-7.962383	-0.000009	-82.037605	-15.639865
15.606619	-13.014225	-7.987051	-0.000009	-82.012939	-15.606627
15.573513	-12.909901	-8.011519	-0.000009	-81.988472	-15.573522
15.54054	-12.805604	-8.035791	-0.000009	-81.964195	-15.54055
15.507709	-12.701342	-8.059861	-0.000009	-81.940132	-15.50771
15.475006	-12.597096	-8.08373	-0.000009	-81.91626	-15.475004
15.44244	-12.492886	-8.107403	-0.000009	-81.892586	-15.442447
15.410009	-12.388708	-8.130874	-0.000009	-81.869118	-15.410022
15.377708	-12.284543	-8.154143	-0.000009	-81.84584	-15.377713
15.345543	-12.180423	-8.177218	-0.000009	-81.822769	-15.345555
15.31351	-12.076319	-8.200098	-0.000009	-81.799896	-15.313511
15.281602	-11.972243	-8.222769	-0.000009	-81.777222	-15.281602
15.249828	-11.868202	-8.245245	-0.000009	-81.754745	-15.249825
15.218179	-11.764185	-8.267526	-0.000009	-81.73246	-15.218179
15.186661	-11.660194	-8.289611	-0.000009	-81.710381	-15.186667
15.155268	-11.556228	-8.311488	-0.000009	-81.688499	-15.155272
15.124002	-11.452294	-8.33317	-0.000009	-81.666832	-15.124009
15.092862	-11.34839	-8.354656	-0.000009	-81.645332	-15.092879
15.061848	-11.244501	-8.375942	-0.000009	-81.624054	-15.061848
15.03096	-11.140654	-8.397032	-0.000009	-81.602959	-15.030967
15.00019	-11.036822	-8.41792	-0.000009	-81.582077	-15.000202
14.969548	-10.93302	-8.438613	-0.000009	-81.561386	-14.969553
14.939026	-10.829251	-8.459105	-0.000009	-81.540886	-14.939035
14.908621	-10.7255	-8.479407	-0.000009	-81.520592	-14.908636
14.878345	-10.621781	-8.499502	-0.000009	-81.500496	-14.878353
14.848187	-10.518087	-8.519401	-0.000009	-81.480591	-14.848184
14.818143	-10.41442	-8.539105	-0.000009	-81.460876	-14.818151
14.78822	-10.310777	-8.558608	-0.000009	-81.441383	-14.78823
14.758415	-10.207162	-8.577915	-0.000009	-81.422073	-14.758429
14.728731	-10.10358	-8.597027	-0.000009	-81.402969	-14.728741
14.699162	-10.000016	-8.615937	-0.000009	-81.384056	-14.699172
14.669704	-9.89648	-8.63466	-0.000009	-81.365334	-14.669717
14.640368	-9.792973	-8.653172	-0.000009	-81.346825	-14.640379
14.611139	-9.689487	-8.671498	-0.000009	-81.328499	-14.61114
14.58203	-9.586031	-8.689621	-0.000009	-81.310371	-14.582034
14.553029	-9.482597	-8.707549	-0.000009	-81.292442	-14.553044
14.524148	-9.379191	-8.725283	-0.000009	-81.274719	-14.524155
14.495374	-9.275809	-8.742821	-0.000009	-81.257179	-14.495381
14.466715	-9.172455	-8.76015	-0.000009	-81.239838	-14.466723
14.438163	-9.069123	-8.777298	-0.000009	-81.222687	-14.438165
14.40972	-8.965815	-8.794244	-0.000009	-81.205742	-14.409723
14.381391	-8.862539	-8.810994	-0.000009	-81.188995	-14.381397
14.353168	-8.759281	-8.82755	-0.000009	-81.17244	-14.353171
14.325053	-8.656047	-8.843904	-0.000009	-81.15609	-14.325062
14.297047	-8.552846	-8.860064	-0.000009	-81.139931	-14.29705
14.269149	-8.449656	-8.876034	-0.000009	-81.123962	-14.269156
14.241352	-8.346499	-8.891803	-0.000009	-81.108192	-14.241361
14.213669	-8.243372	-8.907376	-0.000009	-81.092613	-14.213682
14.186088	-8.140256	-8.922754	-0.000009	-81.077232	-14.186087
14.158609	-8.037174	-8.937938	-0.000009	-81.06205	-14.158624
14.131232	-7.93411	-8.952927	-0.000009	-81.047066	-14.131244
14.103962	-7.831073	-8.96772	-0.000009	-81.032265	-14.103979
14.0768	-7.728065	-8.982318	-0.000009	-81.017677	-14.076798
14.049735	-7.625068	-8.996721	-0.000009	-81.003273	-14.049734
14.022771	-7.522099	-9.010928	-0.000009	-80.989067	-14.022785
13.99591	-7.419154	-9.024935	-0.000009	-80.97506	-13.99592
13.969149	-7.316231	-9.03876	-0.000009	-80.961243	-13.969154
13.942491	-7.21333	-9.052382	-0.000009	-80.947609	-13.942488
13.915923	-7.110453	-9.065804	-0.000009	-80.934189	-13.915937
13.889462	-7.007603	-9.079042	-0.000009	-80.920959	-13.88947
13.863097	-6.904766	-9.09208	-0.000009	-80.907913	-13.863103
13.836836	-6.801962	-9.104922	-0.000009	-80.895065	-13.836834
13.810668	-6.699169	-9.117576	-0.000009	-80.882416	-13.810681
13.784597	-6.596405	-9.130029	-0.000009	-80.869972	-13.784596
13.758622	-6.493664	-9.142292	-0.000009	-80.857704	-13.758627
13.732742	-6.390934	-9.154361	-0.000009	-80.845627	-13.73274
13.706953	-6.288231	-9.166234	-0.000009	-80.833755	-13.706969
13.681266	-6.185553	-9.177919	-0.000009	-80.822075	-13.681283
13.655674	-6.082896	-9.189404	-0.000009	-80.810593	-13.655679
13.630173	-5.980257	-9.200699	-0.000009	-80.799294	-13.630174
13.604761	-5.877635	-9.211799	-0.000009	-80.7882	-13.604768
13.579451	-5.775035	-9.222697	-0.000009	-80.77729	-13.579462
13.554224	-5.672464	-9.233414	-0.000009	-80.766579	-13.55424
13.529095	-5.56991	-9.243935	-0.000009	-80.75605	-13.529099
13.504054	-5.467372	-9.254261	-0.000009	-80.745735	-13.504059
13.479103	-5.364847	-9.264393	-0.000009	-80.735603	-13.479118
13.454248	-5.262349	-9.274335	-0.000009	-80.725655	-13.454261
13.429478	-5.159874	-9.284077	-0.000009	-80.715912	-13.429486
13.404797	-5.057416	-9.293636	-0.000009	-80.706352	-13.404812
13.380213	-4.95497	-9.303	-0.000009	-80.696991	-13.380219
13.355705	-4.852541	-9.312169	-0.000009	-80.68782	-13.35571
13.331294	-4.750145	-9.321144	-0.000009	-80.678848	-13.3313
13.306967	-4.647762	-9.329929	-0.000009	-80.670067	-13.306973
13.282723	-4.545389	-9.33852	-0.000009	-80.661476	-13.282729
13.258575	-4.443045	-9.346923	-0.000009	-80.653076	-13.258586
13.234506	-4.340712	-9.35513	-0.000009	-80.644859	-13.234508
13.210526	-4.23839	-9.363142	-0.000009	-80.636848	-13.210529
13.18663	-4.136103	-9.370966	-0.000009	-80.629028	-13.186634
13.162818	-4.033821	-9.378594	-0.000009	-80.621391	-13.162822
13.13909	-3.931562	-9.386042	-0.000009	-80.61396	-13.139092
13.115451	-3.829309	-9.39328	-0.000009	-80.606712	-13.115462
13.091891	-3.727083	-9.400343	-0.000009	-80.599648	-13.091899
13.068416	-3.62487	-9.407205	-0.000009	-80.592789	-13.068419
13.045016	-3.522667	-9.413879	-0.000009	-80.586113	-13.045022
13.021708	-3.420493	-9.420358	-0.000009	-80.579636	-13.021707
12.998477	-3.31832	-9.426647	-0.000009	-80.573341	-12.998492
12.97533	-3.216174	-9.432742	-0.000009	-80.567238	-12.975344
12.952261	-3.11404	-9.438656	-0.000009	-80.561333	-12.952261
12.92927	-3.011917	-9.444367	-0.000009	-80.555618	-12.929279
12.906368	-2.909811	-9.44989	-0.000009	-80.550102	-12.90638
12.883539	-2.807716	-9.455225	-0.000009	-80.544762	-12.883546
12.860787	-2.705639	-9.460371	-0.000009	-80.539627	-12.860795
12.83812	-2.603578	-9.465322	-0.000009	-80.534668	-12.838129
12.815531	-2.501529	-9.470078	-0.000009	-80.529915	-12.815544
12.793013	-2.399491	-9.474653	-0.000009	-80.525345	-12.793026
12.770578	-2.297465	-9.479033	-0.000009	-80.520966	-12.770591
12.748222	-2.195456	-9.483216	-0.000009	-80.516769	-12.748222
12.725939	-2.093463	-9.48722	-0.000009	-80.512772	-12.725953
12.703732	-1.991476	-9.491027	-0.000009	-80.508972	-12.703751
12.681604	-1.889501	-9.49464	-0.000009	-80.505348	-12.681614
12.659554	-1.787543	-9.498071	-0.000009	-80.50193	-12.659561
12.637575	-1.68559	-9.501307	-0.000009	-80.49868	-12.637574
12.615674	-1.58366	-9.504354	-0.000009	-80.495636	-12.615686
12.593846	-1.48173	-9.507213	-0.000009	-80.492775	-12.593849
12.572089	-1.379817	-9.509871	-0.000009	-80.49012	-12.572094
12.55041	-1.27791	-9.512352	-0.000009	-80.48764	-12.550423
12.528804	-1.176014	-9.514633	-0.000009	-80.485359	-12.528817
12.507268	-1.074135	-9.516732	-0.000009	-80.483261	-12.507278
12.485811	-0.972262	-9.518636	-0.000009	-80.481354	-12.485823
12.46442	-0.8704	-9.520351	-0.000009	-80.479645	-12.464433
12.443107	-0.768538	-9.521879	-0.000009	-80.478111	-12.44311
12.42186	-0.666693	-9.523217	-0.000009	-80.476768	-12.421869
12.400683	-0.56486	-9.524361	-0.000009	-80.475632	-12.400696
12.379585	-0.463032	-9.525323	-0.000009	-80.474678	-12.379588
12.358548	-0.36121	-9.526083	-0.000009	-80.4739	-12.358564
12.337588	-0.259399	-9.526669	-0.000009	-80.47332	-12.337589
12.3167	-0.157594	-9.527052	-0.000009	-80.472939	-12.316697
12.295872	-0.0558	-9.527246	-0.000009	-80.47274	-12.295872
12.275122	0.045988	-9.52726	-0.000009	-80.47274	-12.275129
12.254437	0.147771	-9.527079	-0.000009	-80.472916	-12.254436
12.23382	0.249547	-9.526709	-0.000009	-80.473282	-12.233827
12.213273	0.351318	-9.52615	-0.000009	-80.473839	-12.213284
12.192793	0.453078	-9.525403	-0.000009	-80.474594	-12.192807
12.172379	0.554838	-9.524462	-0.000009	-80.475533	-12.172379
12.152035	0.656586	-9.523338	-0.000009	-80.476654	-12.152035
12.131759	0.75834	-9.522019	-0.000009	-80.477974	-12.131758
12.111547	0.860083	-9.520513	-0.000009	-80.479477	-12.111547
12.091403	0.961814	-9.518824	-0.000009	-80.481171	-12.091401
12.071323	1.063552	-9.516933	-0.000009	-80.483055	-12.071322
12.051305	1.165277	-9.514869	-0.000009	-80.485123	-12.051311
12.031358	1.267009	-9.512602	-0.000009	-80.487389	-12.031364
12.011476	1.368723	-9.510153	-0.000009	-80.489838	-12.011485
11.991654	1.470443	-9.507509	-0.000009	-80.492485	-11.991655
11.971899	1.572163	-9.504683	-0.000009	-80.495308	-11.971909
11.952204	1.67386	-9.50167	-0.000009	-80.498322	-11.952211
11.932502	1.775455	-9.498461	-0.000009	-80.501534	-11.932514
11.912759	1.876858	-9.495077	-0.000009	-80.504913	-11.912767
11.892901	1.977965	-9.491519	-0.000009	-80.508476	-11.892904
11.872876	2.078675	-9.487779	-0.000009	-80.512215	-11.872876
11.852624	2.178902	-9.483883	-0.000009	-80.516106	-11.852632
11.832095	2.278545	-9.479826	-0.000009	-80.520164	-11.832105
11.811225	2.377507	-9.475616	-0.000009	-80.524376	-11.81123
11.789954	2.475686	-9.471256	-0.000009	-80.52874	-11.789956
11.768233	2.572986	-9.466768	-0.000009	-80.533234	-11.768234
11.746009	2.66932	-9.462161	-0.000009	-80.537834	-11.746016
11.723215	2.764582	-9.457425	-0.000009	-80.542572	-11.723215
11.699799	2.858687	-9.452587	-0.000009	-80.547394	-11.6998
11.675706	2.951526	-9.447657	-0.000009	-80.552338	-11.675706
11.65088	3.043009	-9.442651	-0.000009	-80.55735	-11.650882
11.625271	3.133039	-9.437565	-0.000009	-80.562424	-11.625278
11.59881	3.221525	-9.432432	-0.000009	-80.567558	-11.598826
11.571457	3.308366	-9.427246	-0.000009	-80.572746	-11.571464
11.543145	3.393465	-9.422039	-0.000009	-80.577957	-11.543155
11.513821	3.476736	-9.416812	-0.000009	-80.583183	-11.513833
11.483436	3.558072	-9.411585	-0.000009	-80.588409	-11.483433
11.451923	3.637394	-9.406371	-0.000009	-80.593613	-11.451938
11.419232	3.714588	-9.401191	-0.000009	-80.598801	-11.419248
11.385304	3.789574	-9.396051	-0.000009	-80.603943	-11.385313
11.350091	3.86225	-9.390972	-0.000009	-80.609016	-11.350101
11.313534	3.932521	-9.385974	-0.000009	-80.614021	-11.313544
11.275568	4.000311	-9.381057	-0.000009	-80.618935	-11.275577
11.236141	4.065503	-9.376253	-0.000009	-80.623741	-11.236151
11.195192	4.128016	-9.371578	-0.000009	-80.628418	-11.195196
11.152674	4.187755	-9.367037	-0.000009	-80.632957	-11.152683
11.108519	4.244627	-9.362658	-0.000009	-80.637329	-11.108525
11.062669	4.298537	-9.358453	-0.000009	-80.641541	-11.062677
11.015074	4.349406	-9.354437	-0.000009	-80.645554	-11.015085
10.965659	4.397119	-9.350629	-0.000009	-80.649361	-10.965669
10.914379	4.441609	-9.347037	-0.000009	-80.652954	-10.914377
10.861172	4.482785	-9.343687	-0.000009	-80.656311	-10.861177
10.806033	4.520664	-9.340566	-0.000009	-80.659424	-10.806035
10.749014	4.555331	-9.337699	-0.000009	-80.662292	-10.749019
10.690161	4.586883	-9.335062	-0.000009	-80.664932	-10.69016
10.629522	4.615416	-9.332667	-0.000009	-80.667328	-10.629525
10.567158	4.641054	-9.330502	-0.000009	-80.669502	-10.567165
10.50311	4.663884	-9.328557	-0.000009	-80.671432	-10.503113
10.437438	4.684012	-9.326842	-0.000009	-80.673157	-10.437451
10.370184	4.701541	-9.325341	-0.000009	-80.67466	-10.370196
10.301414	4.716579	-9.324043	-0.000009	-80.675949	-10.301414
10.231159	4.729217	-9.322953	-0.000009	-80.677048	-10.231172
10.159489	4.739562	-9.322058	-0.000009	-80.677933	-10.159487
10.086441	4.747717	-9.321359	-0.000009	-80.678642	-10.086439
10.01207	4.753783	-9.320827	-0.000009	-80.679161	-10.012082
9.936433	4.757858	-9.320477	-0.000009	-80.679512	-9.936446
9.859579	4.760048	-9.320282	-0.000009	-80.67971	-9.859584
9.781558	4.760457	-9.320256	-0.000009	-80.679741	-9.781559
9.702423	4.759174	-9.320363	-0.000009	-80.679626	-9.702439
9.622227	4.756309	-9.320612	-0.000009	-80.679382	-9.622241
9.541024	4.751956	-9.320989	-0.000009	-80.679008	-9.54103
9.458868	4.746213	-9.321486	-0.000009	-80.678505	-9.458874
9.375801	4.739199	-9.322092	-0.000009	-80.67791	-9.375804
9.291896	4.730988	-9.322805	-0.000009	-80.677193	-9.291905
9.207194	4.721687	-9.323606	-0.000009	-80.676384	-9.207193
9.121755	4.711404	-9.324494	-0.000009	-80.675507	-9.121768
9.035626	4.700225	-9.325456	-0.000009	-80.674538	-9.035628
8.94888	4.688251	-9.326478	-0.000009	-80.673515	-8.948893
8.861554	4.675585	-9.327561	-0.000009	-80.67244	-8.861558
8.773718	4.662312	-9.328691	-0.000009	-80.671303	-8.773726
8.685427	4.648545	-9.329862	-0.000009	-80.670128	-8.68543
8.596734	4.634364	-9.331066	-0.000009	-80.668922	-8.596736
8.507699	4.619876	-9.332284	-0.000009	-80.667709	-8.50771
8.418389	4.605167	-9.333529	-0.000009	-80.666466	-8.418401
8.328852	4.590344	-9.334766	-0.000009	-80.665215	-8.32886
8.239152	4.575494	-9.336011	-0.000009	-80.663979	-8.239153
8.14935	4.560705	-9.337249	-0.000009	-80.662743	-8.149346
8.059501	4.546064	-9.338466	-0.000009	-80.66153	-8.059507
7.969604	4.531588	-9.339664	-0.000009	-80.660324	-7.969617
7.879677	4.517276	-9.340848	-0.000009	-80.659142	-7.879678
7.789708	4.503112	-9.342011	-0.000009	-80.657982	-7.789706
7.699696	4.489124	-9.343162	-0.000009	-80.656845	-7.699701
7.60965	4.475289	-9.344292	-0.000009	-80.655701	-7.609663
7.519566	4.461618	-9.345408	-0.000009	-80.654579	-7.519574
7.429447	4.448112	-9.346512	-0.000009	-80.653488	-7.429452
7.339287	4.434765	-9.347595	-0.000009	-80.652405	-7.339297
7.24909	4.421583	-9.348659	-0.000009	-80.651337	-7.249093
7.158856	4.408559	-9.349708	-0.000009	-80.650284	-7.158872
7.068594	4.3957	-9.350743	-0.000009	-80.649246	-7.0686
6.978289	4.383006	-9.351759	-0.000009	-80.648232	-6.978296
6.887954	4.37047	-9.352761	-0.000009	-80.647232	-6.887959
6.797577	4.358094	-9.353744	-0.000009	-80.646248	-6.797588
6.707171	4.345887	-9.354719	-0.000009	-80.645271	-6.707185
6.616735	4.33384	-9.355668	-0.000009	-80.644325	-6.616747
6.526262	4.321957	-9.356609	-0.000009	-80.643387	-6.526261
6.435754	4.310233	-9.357532	-0.000009	-80.642456	-6.435758
6.345222	4.298679	-9.358439	-0.000009	-80.641548	-6.345221
6.254647	4.287284	-9.359334	-0.000009	-80.640656	-6.254652
6.164049	4.276048	-9.360215	-0.000009	-80.639778	-6.164049
6.073414	4.264982	-9.361076	-0.000009	-80.638908	-6.073429
5.982756	4.254081	-9.361924	-0.000009	-80.638069	-5.98276
5.892062	4.243339	-9.362765	-0.000009	-80.637238	-5.892074
5.801338	4.232755	-9.363579	-0.000009	-80.636414	-5.801339
5.710589	4.222342	-9.36438	-0.000009	-80.635612	-5.710603
5.619812	4.212093	-9.365173	-0.000009	-80.634819	-5.619817
5.529003	4.20201	-9.365948	-0.000009	-80.634041	-5.529016
5.438166	4.192084	-9.366714	-0.000009	-80.633286	-5.438164
5.347303	4.182324	-9.367455	-0.000009	-80.632538	-5.347312
5.256412	4.172728	-9.368188	-0.000009	-80.631813	-5.25641
5.165495	4.163297	-9.3689	-0.000009	-80.631096	-5.165509
5.07455	4.154035	-9.369607	-0.000009	-80.630386	-5.074557
4.98358	4.144927	-9.370299	-0.000009	-80.629692	-4.98359
4.892586	4.13599	-9.370979	-0.000009	-80.629021	-4.892588
4.801569	4.127216	-9.371638	-0.000009	-80.628357	-4.80157
4.710526	4.118608	-9.372284	-0.000009	-80.627716	-4.710536
4.619461	4.110158	-9.372924	-0.000009	-80.627068	-4.619469
4.528371	4.101879	-9.373535	-0.000009	-80.62645	-4.528368
4.437257	4.093763	-9.374147	-0.000009	-80.625847	-4.437267
4.34612	4.085813	-9.37474	-0.000009	-80.625259	-4.346133
4.254964	4.078022	-9.375325	-0.000009	-80.624672	-4.254966
4.163785	4.0704	-9.375891	-0.000009	-80.624107	-4.163783
4.072581	4.062944	-9.376442	-0.000009	-80.62355	-4.072583
3.981359	4.055652	-9.376987	-0.000009	-80.623009	-3.981365
3.89012	4.048525	-9.377512	-0.000009	-80.622482	-3.890132
3.798856	4.041562	-9.378022	-0.000009	-80.621971	-3.798865
3.707581	4.034769	-9.378527	-0.000009	-80.621468	-3.707582
3.616282	4.028129	-9.379019	-0.000009	-80.620979	-3.616282
3.524964	4.021666	-9.379489	-0.000009	-80.620499	-3.524966
3.433629	4.015367	-9.379953	-0.000009	-80.620041	-3.433633
3.342276	4.009232	-9.380404	-0.000009	-80.619591	-3.342283
3.250905	4.003257	-9.380841	-0.000009	-80.619156	-3.250917
3.159515	3.997452	-9.381265	-0.000009	-80.618729	-3.159518
3.068114	3.991806	-9.381676	-0.000009	-80.618324	-3.068119
2.976695	3.986335	-9.382072	-0.000009	-80.61792	-2.976702
2.885264	3.981023	-9.382463	-0.000009	-80.617531	-2.88527
2.793814	3.975882	-9.382833	-0.000009	-80.617157	-2.793821
2.702353	3.9709	-9.383196	-0.000009	-80.616798	-2.702355
2.610874	3.966087	-9.383545	-0.000009	-80.616447	-2.610889
2.519383	3.96144	-9.383882	-0.000009	-80.616112	-2.51939
2.42788	3.956962	-9.384205	-0.000009	-80.615784	-2.427891
2.33637	3.952644	-9.384521	-0.000009	-80.615479	-2.336376
2.244843	3.94849	-9.384817	-0.000009	-80.615181	-2.244844
2.153304	3.944506	-9.385106	-0.000009	-80.614883	-2.153312
2.061754	3.940687	-9.385383	-0.000009	-80.614609	-2.061763
1.970196	3.937038	-9.385645	-0.000009	-80.614349	-1.970198
1.878621	3.933554	-9.385893	-0.000009	-80.614098	-1.878632
1.787046	3.930228	-9.386128	-0.000009	-80.613861	-1.78705
1.695453	3.927073	-9.386364	-0.000009	-80.61364	-1.695468
1.60386	3.924083	-9.386573	-0.000009	-80.613426	-1.60387
1.512255	3.921257	-9.386775	-0.000009	-80.61322	-1.512255
1.420638	3.918607	-9.386963	-0.000009	-80.613029	-1.42064
1.329021	3.91611	-9.387145	-0.000009	-80.612846	-1.329025
1.237392	3.913789	-9.387306	-0.000009	-80.612686	-1.237393
1.145757	3.911627	-9.387467	-0.000009	-80.612526	-1.145761
1.054116	3.909635	-9.387609	-0.000009	-80.612389	-1.05413
0.962476	3.907807	-9.387736	-0.000009	-80.612259	-0.962481
0.870823	3.906145	-9.387857	-0.000009	-80.612129	-0.870833
0.77917	3.904647	-9.387959	-0.000009	-80.61203	-0.779185
0.687511	3.903319	-9.38806	-0.000009	-80.611938	-0.68752
0.595852	3.902155	-9.388141	-0.000009	-80.611855	-0.595855
0.504187	3.901157	-9.388207	-0.000009	-80.611786	-0.50419
0.412516	3.900328	-9.388268	-0.000009	-80.611717	-0.412525
0.320851	3.899664	-9.388315	-0.000009	-80.611671	-0.32086
0.22918	3.899165	-9.388355	-0.000009	-80.611649	-0.229179
0.137503	3.89883	-9.388383	-0.000009	-80.61161	-0.137514
0.045832	3.898666	-9.38839	-0.000009	-80.61161	-0.045832
-0.045838	3.898666	-9.38839	-0.000009	-80.61161	0.045832
-0.137515	3.89883	-9.388383	-0.000009	-80.61161	0.137514
-0.229186	3.899165	-9.388355	-0.000009	-80.611649	0.229179
-0.320857	3.899664	-9.388315	-0.000009	-80.611671	0.320844
-0.412528	3.900328	-9.388268	-0.000009	-80.611717	0.412525
-0.504193	3.901157	-9.388207	-0.000009	-80.611786	0.50419
-0.595858	3.902155	-9.388141	-0.000009	-80.611855	0.595855
-0.687523	3.903319	-9.38806	-0.000009	-80.611938	0.68752
-0.779182	3.904647	-9.387959	-0.000009	-80.61203	0.779168
-0.870835	3.906145	-9.387857	-0.000009	-80.612129	0.870833
-0.962482	3.907807	-9.387736	-0.000009	-80.612259	0.962481
-1.054129	3.909635	-9.387609	-0.000009	-80.612389	1.05413
-1.145769	3.911627	-9.387467	-0.000009	-80.612526	1.145761
-1.237398	3.913789	-9.387306	-0.000009	-80.612686	1.237393
-1.329027	3.91611	-9.387145	-0.000009	-80.612846	1.329025
-1.42065	3.918607	-9.386963	-0.000009	-80.613029	1.42064
-1.512261	3.921257	-9.386775	-0.000009	-80.61322	1.512255
-1.603866	3.924083	-9.386573	-0.000009	-80.613426	1.603853
-1.695465	3.927073	-9.386364	-0.000009	-80.61364	1.695452
-1.787052	3.930228	-9.386128	-0.000009	-80.613861	1.78705
-1.878633	3.933554	-9.385893	-0.000009	-80.614098	1.878632
-1.970202	3.937038	-9.385645	-0.000009	-80.614349	1.970198
-2.061759	3.940687	-9.385383	-0.000009	-80.614609	2.061763
-2.15331	3.944506	-9.385106	-0.000009	-80.614883	2.153312
-2.244849	3.94849	-9.384817	-0.000009	-80.615181	2.244844
-2.336377	3.952644	-9.384521	-0.000009	-80.615479	2.336376
-2.427892	3.956962	-9.384205	-0.000009	-80.615784	2.427891
-2.519395	3.96144	-9.383882	-0.000009	-80.616112	2.51939
-2.610886	3.966087	-9.383545	-0.000009	-80.616447	2.610873
-2.702359	3.970905	-9.383196	-0.000009	-80.616798	2.702355
-2.79382	3.975882	-9.382833	-0.000009	-80.617157	2.793821
-2.88527	3.981029	-9.382463	-0.000009	-80.617538	2.88527
-2.976707	3.986335	-9.382072	-0.000009	-80.617928	2.976702
-3.06812	3.991811	-9.381676	-0.000009	-80.618324	3.068119
-3.159527	3.997452	-9.381265	-0.000009	-80.618729	3.159518
-3.250911	4.003257	-9.380841	-0.000009	-80.619156	3.250901
-3.342282	4.009232	-9.380404	-0.000009	-80.619591	3.342283
-3.433635	4.015367	-9.379953	-0.000009	-80.620041	3.433633
-3.52497	4.021666	-9.379489	-0.000009	-80.620499	3.524966
-3.616288	4.028129	-9.379019	-0.000009	-80.620979	3.616282
-3.707587	4.034769	-9.378527	-0.000009	-80.621468	3.707582
-3.798869	4.041567	-9.378022	-0.000009	-80.621979	3.798865
-3.890132	4.048525	-9.377512	-0.000009	-80.622482	3.890115
-3.981371	4.055652	-9.37698	-0.000009	-80.623016	3.981365
-4.072593	4.062944	-9.376442	-0.000009	-80.62355	4.072583
-4.163791	4.0704	-9.375891	-0.000009	-80.624107	4.163783
-4.25497	4.078022	-9.375325	-0.000009	-80.624672	4.254966
-4.346132	4.085813	-9.37474	-0.000009	-80.625259	4.346117
-4.437263	4.093763	-9.374147	-0.000009	-80.625847	4.437251
-4.528377	4.101879	-9.373535	-0.000009	-80.62645	4.528368
-4.619466	4.110158	-9.372924	-0.000009	-80.627068	4.619469
-4.710533	4.118608	-9.372284	-0.000009	-80.627716	4.710536
-4.80158	4.127216	-9.371638	-0.000009	-80.628365	4.80157
-4.892598	4.13599	-9.370979	-0.000009	-80.629021	4.892588
-4.983592	4.144933	-9.370299	-0.000009	-80.629692	4.98359
-5.074562	4.154035	-9.369607	-0.000009	-80.630386	5.074557
-5.165501	4.163297	-9.3689	-0.000009	-80.631096	5.165492
-5.256418	4.172728	-9.368188	-0.000009	-80.631813	5.25641
-5.34731	4.182329	-9.367455	-0.000009	-80.632538	5.347312
-5.438171	4.192084	-9.366714	-0.000009	-80.633286	5.438164
-5.529009	4.20201	-9.365948	-0.000009	-80.634048	5.528999
-5.619817	4.212093	-9.365173	-0.000009	-80.634819	5.619817
-5.710595	4.222342	-9.36438	-0.000009	-80.635612	5.710586
-5.80135	4.232755	-9.363579	-0.000009	-80.636414	5.801339
-5.892068	4.243339	-9.362765	-0.000009	-80.637238	5.892057
-5.982762	4.254081	-9.361931	-0.000009	-80.638069	5.98276
-6.073426	4.264988	-9.361076	-0.000009	-80.638908	6.073412
-6.164054	4.276048	-9.360215	-0.000009	-80.639778	6.164049
-6.254659	4.287284	-9.359334	-0.000009	-80.640656	6.254652
-6.345227	4.298679	-9.358439	-0.000009	-80.641548	6.345221
-6.435766	4.310233	-9.357532	-0.000009	-80.642456	6.435758
-6.526268	4.321957	-9.356609	-0.000009	-80.643387	6.526261
-6.616741	4.33384	-9.355668	-0.000009	-80.644325	6.616731
-6.707183	4.345887	-9.354719	-0.000009	-80.645279	6.707168
-6.79759	4.358099	-9.353744	-0.000009	-80.646248	6.797588
-6.88796	4.37047	-9.352761	-0.000009	-80.647232	6.887959
-6.978295	4.383006	-9.351759	-0.000009	-80.648239	6.978296
-7.0686	4.3957	-9.350743	-0.000009	-80.649246	7.0686
-7.158868	4.408559	-9.349708	-0.000009	-80.650284	7.158855
-7.249096	4.421583	-9.348659	-0.000009	-80.651337	7.249093
-7.339293	4.434765	-9.347595	-0.000009	-80.652405	7.339281
-7.429453	4.448112	-9.346512	-0.000009	-80.653488	7.429452
-7.519578	4.461618	-9.345408	-0.000009	-80.654587	7.519574
-7.609662	4.475289	-9.344292	-0.000009	-80.655701	7.609645
-7.699708	4.489124	-9.343162	-0.000009	-80.65683	7.699701
-7.789714	4.503112	-9.342011	-0.000009	-80.657982	7.789706
-7.879683	4.517276	-9.340848	-0.000009	-80.659157	7.879678
-7.969616	4.531588	-9.339664	-0.000009	-80.660332	7.969617
-8.059507	4.546064	-9.338466	-0.000009	-80.661537	8.059507
-8.149357	4.560705	-9.337249	-0.000009	-80.662743	8.149346
-8.239159	4.575494	-9.336018	-0.000009	-80.663979	8.239153
-8.328857	4.590344	-9.334766	-0.000009	-80.665215	8.328844
-8.418395	4.605167	-9.333529	-0.000009	-80.666466	8.418384
-8.507711	4.619876	-9.332284	-0.000009	-80.667709	8.50771
-8.59674	4.634369	-9.331059	-0.000009	-80.66893	8.596736
-8.685438	4.648545	-9.329862	-0.000009	-80.670128	8.68543
-8.773729	4.662312	-9.328691	-0.000009	-80.671303	8.773726
-8.861566	4.675585	-9.327561	-0.000009	-80.67244	8.861558
-8.948887	4.688251	-9.326478	-0.000009	-80.673515	8.948875
-9.035639	4.700225	-9.325456	-0.000009	-80.674538	9.035628
-9.12176	4.711404	-9.324494	-0.000009	-80.675507	9.121751
-9.2072	4.721692	-9.323606	-0.000009	-80.676392	9.207193
-9.291902	4.730988	-9.322805	-0.000009	-80.677193	9.291905
-9.375813	4.739199	-9.322092	-0.000009	-80.67791	9.375804
-9.458874	4.746219	-9.321486	-0.000009	-80.678505	9.458874
-9.54103	4.751956	-9.320989	-0.000009	-80.679008	9.54103
-9.622239	4.756309	-9.320612	-0.000009	-80.679382	9.622225
-9.702435	4.759174	-9.320363	-0.000009	-80.679642	9.702423
-9.78157	4.760457	-9.320256	-0.000009	-80.679749	9.781559
-9.859586	4.760054	-9.320282	-0.000009	-80.67971	9.859584
-9.936445	4.757863	-9.320477	-0.000009	-80.679512	9.93643
-10.012081	4.753789	-9.320827	-0.000009	-80.679169	10.012082
-10.086447	4.747717	-9.321359	-0.000009	-80.678642	10.086439
-10.159494	4.739562	-9.322058	-0.000009	-80.677933	10.159487
-10.231171	4.729217	-9.322953	-0.000009	-80.677048	10.231155
-10.30142	4.716579	-9.324043	-0.000009	-80.675949	10.301414
-10.370196	4.701547	-9.325341	-0.000009	-80.67466	10.370196
-10.437445	4.684012	-9.326842	-0.000009	-80.673157	10.437434
-10.503116	4.663889	-9.328557	-0.000009	-80.67144	10.503113
-10.567164	4.641054	-9.330502	-0.000009	-80.669502	10.567165
-10.629528	4.615421	-9.332667	-0.000009	-80.667336	10.629525
-10.690166	4.586883	-9.335062	-0.000009	-80.66494	10.69016
-10.74902	4.555331	-9.337699	-0.000009	-80.6623	10.749019
-10.806039	4.520664	-9.340566	-0.000009	-80.659439	10.806035
-10.861177	4.482791	-9.34368	-0.000009	-80.656326	10.861177
-10.914385	4.441609	-9.347037	-0.000009	-80.652969	10.914377
-10.965671	4.397119	-9.350629	-0.000009	-80.649376	10.965669
-11.01508	4.349406	-9.354437	-0.000009	-80.645561	11.015069
-11.06268	4.298543	-9.358453	-0.000009	-80.641548	11.062677
-11.108525	4.244627	-9.362658	-0.000009	-80.637337	11.108525
-11.152685	4.187755	-9.367037	-0.000009	-80.632957	11.152683
-11.195205	4.128016	-9.371578	-0.000009	-80.628418	11.195196
-11.236147	4.065503	-9.376253	-0.000009	-80.623741	11.236151
-11.275575	4.000311	-9.381057	-0.000009	-80.618942	11.275577
-11.31354	3.932527	-9.385967	-0.000009	-80.614021	11.313528
-11.350102	3.86225	-9.390972	-0.000009	-80.609024	11.350101
-11.385318	3.789574	-9.396051	-0.000009	-80.603943	11.385313
-11.419244	3.714593	-9.401191	-0.000009	-80.598808	11.419231
-11.45193	3.637394	-9.406371	-0.000009	-80.59362	11.451921
-11.483441	3.558072	-9.411585	-0.000009	-80.588409	11.483433
-11.513833	3.476736	-9.416812	-0.000009	-80.583183	11.513833
-11.543151	3.393465	-9.422039	-0.000009	-80.577957	11.543155
-11.571469	3.308366	-9.427253	-0.000009	-80.572746	11.571464
-11.598823	3.221525	-9.432432	-0.000009	-80.567558	11.59881
-11.625277	3.133039	-9.437565	-0.000009	-80.562431	11.625278
-11.650892	3.043009	-9.442651	-0.000009	-80.55735	11.650882
-11.675717	2.951526	-9.447657	-0.000009	-80.552338	11.675706
-11.699805	2.858687	-9.452587	-0.000009	-80.547409	11.6998
-11.723222	2.764582	-9.457425	-0.000009	-80.542572	11.723215
-11.746015	2.669326	-9.462153	-0.000009	-80.537842	11.746016
-11.768245	2.572986	-9.466768	-0.000009	-80.533234	11.768234
-11.78996	2.475686	-9.471256	-0.000009	-80.52874	11.789956
-11.811231	2.377507	-9.475616	-0.000009	-80.524384	11.81123
-11.832102	2.278545	-9.479826	-0.000009	-80.520164	11.832105
-11.852635	2.178908	-9.483883	-0.000009	-80.516113	11.852632
-11.872888	2.07868	-9.487785	-0.000009	-80.512215	11.872876
-11.892913	1.977965	-9.491519	-0.000009	-80.508476	11.892904
-11.912771	1.876858	-9.495077	-0.000009	-80.504913	11.912767
-11.932514	1.775461	-9.498461	-0.000009	-80.501534	11.932514
-11.952209	1.673866	-9.501663	-0.000009	-80.498337	11.952211
-11.971911	1.572169	-9.504683	-0.000009	-80.495316	11.971909
-11.991667	1.470449	-9.507516	-0.000009	-80.492485	11.991655
-12.011482	1.368729	-9.510153	-0.000009	-80.489845	12.011485
-12.031363	1.267009	-9.512602	-0.000009	-80.487389	12.031364
-12.051316	1.165277	-9.514869	-0.000009	-80.48513	12.051311
-12.07133	1.063552	-9.516933	-0.000009	-80.483063	12.071322
-12.091409	0.96182	-9.518824	-0.000009	-80.481171	12.091401
-12.111553	0.860083	-9.520513	-0.000009	-80.479492	12.111547
-12.131765	0.75834	-9.522019	-0.000009	-80.477974	12.131758
-12.152047	0.656592	-9.523338	-0.000009	-80.476654	12.152035
-12.17239	0.554838	-9.524462	-0.000009	-80.475533	12.172379
-12.192804	0.453084	-9.525403	-0.000009	-80.474594	12.19279
-12.213279	0.351318	-9.52615	-0.000009	-80.473839	12.213284
-12.233826	0.249553	-9.526709	-0.000009	-80.473282	12.233827
-12.254444	0.147776	-9.527079	-0.000009	-80.472923	12.254436
-12.275128	0.045994	-9.52726	-0.000009	-80.47274	12.275129
-12.295884	-0.0558	-9.527246	-0.000009	-80.472748	12.295872
-12.316706	-0.157594	-9.527052	-0.000009	-80.472946	12.316697
-12.337594	-0.259399	-9.526669	-0.000009	-80.473328	12.337589
-12.358561	-0.36121	-9.526083	-0.000009	-80.473907	12.358547
-12.379592	-0.463026	-9.525323	-0.000009	-80.474678	12.379588
-12.400696	-0.56486	-9.524361	-0.000009	-80.475632	12.400696
-12.421871	-0.666693	-9.523217	-0.000009	-80.476776	12.421869
-12.443112	-0.768538	-9.521879	-0.000009	-80.478119	12.44311
-12.464432	-0.870394	-9.520358	-0.000009	-80.479645	12.464417
-12.485817	-0.972256	-9.518636	-0.000009	-80.481354	12.485806
-12.50728	-1.074129	-9.516732	-0.000009	-80.483261	12.507278
-12.528816	-1.176014	-9.514633	-0.000009	-80.485367	12.5288
-12.550416	-1.27791	-9.512352	-0.000009	-80.487648	12.550406
-12.572102	-1.379811	-9.509877	-0.000009	-80.49012	12.572094
-12.593852	-1.48173	-9.507213	-0.000009	-80.49279	12.593849
-12.615682	-1.583654	-9.504354	-0.000009	-80.495644	12.61567
-12.637588	-1.68559	-9.501307	-0.000009	-80.49868	12.637574
-12.65956	-1.787543	-9.498071	-0.000009	-80.50193	12.659561
-12.681617	-1.889501	-9.49464	-0.000009	-80.505363	12.681614
-12.703745	-1.991471	-9.491027	-0.000009	-80.508972	12.703734
-12.72595	-2.093463	-9.48722	-0.000009	-80.512772	12.725937
-12.748229	-2.195456	-9.483216	-0.000009	-80.516769	12.748222
-12.770591	-2.297465	-9.479033	-0.000009	-80.520966	12.770575
-12.793025	-2.399491	-9.474653	-0.000009	-80.525345	12.793026
-12.815536	-2.501523	-9.470085	-0.000009	-80.529915	12.815528
-12.838132	-2.603578	-9.465322	-0.000009	-80.534676	12.838129
-12.8608	-2.705639	-9.460371	-0.000009	-80.539627	12.860795
-12.883545	-2.807716	-9.455225	-0.000009	-80.544777	12.883546
-12.906374	-2.909805	-9.44989	-0.000009	-80.55011	12.906363
-12.929282	-3.011911	-9.444367	-0.000009	-80.555618	12.929279
-12.952273	-3.114034	-9.438656	-0.000009	-80.56134	12.952261
-12.975336	-3.216174	-9.432742	-0.000009	-80.567253	12.975327
-12.998483	-3.31832	-9.426647	-0.000009	-80.573357	12.998476
-13.02172	-3.420493	-9.420358	-0.000009	-80.579643	13.021707
-13.045029	-3.522667	-9.413879	-0.000009	-80.586113	13.045022
-13.068421	-3.62487	-9.407205	-0.000009	-80.592789	13.068419
-13.091897	-3.727078	-9.400337	-0.000009	-80.599655	13.091899
-13.115458	-3.829309	-9.39328	-0.000009	-80.60672	13.115446
-13.139102	-3.931556	-9.386035	-0.000009	-80.61396	13.139092
-13.162829	-4.033815	-9.378594	-0.000009	-80.621399	13.162822
-13.186643	-4.136097	-9.370966	-0.000009	-80.629028	13.186634
-13.210538	-4.23839	-9.363142	-0.000009	-80.636848	13.210529
-13.234518	-4.340706	-9.355124	-0.000009	-80.644867	13.234508
-13.258581	-4.443039	-9.346923	-0.000009	-80.653076	13.258586
-13.282736	-4.545389	-9.33852	-0.000009	-80.661476	13.282729
-13.306978	-4.647762	-9.329929	-0.000009	-80.670067	13.306973
-13.3313	-4.750145	-9.321144	-0.000009	-80.678848	13.3313
-13.355717	-4.852541	-9.312169	-0.000009	-80.687828	13.35571
-13.380219	-4.95497	-9.303	-0.000009	-80.696999	13.380219
-13.404809	-5.057411	-9.293636	-0.000009	-80.70636	13.404795
-13.42949	-5.159874	-9.284077	-0.000009	-80.715919	13.429486
-13.454261	-5.262343	-9.274335	-0.000009	-80.725662	13.454244
-13.479115	-5.364847	-9.264393	-0.000009	-80.735603	13.479102
-13.504066	-5.467367	-9.254261	-0.000009	-80.745735	13.504059
-13.529106	-5.569904	-9.243935	-0.000009	-80.75605	13.529099
-13.554236	-5.672458	-9.233414	-0.000009	-80.766586	13.554223
-13.579457	-5.775035	-9.222697	-0.000009	-80.77729	13.579446
-13.604773	-5.877635	-9.211799	-0.000009	-80.7882	13.604768
-13.630184	-5.980257	-9.200699	-0.000009	-80.799294	13.630174
-13.655686	-6.082891	-9.189404	-0.000009	-80.810593	13.655679
-13.681278	-6.185553	-9.177919	-0.000009	-80.822083	13.681266
-13.706965	-6.288231	-9.166234	-0.000009	-80.833755	13.706953
-13.732748	-6.390934	-9.154361	-0.000009	-80.845634	13.73274
-13.758628	-6.493658	-9.142292	-0.000009	-80.857704	13.758627
-13.784603	-6.596399	-9.130029	-0.000009	-80.869972	13.784596
-13.81068	-6.699169	-9.117569	-0.000009	-80.882431	13.810665
-13.836847	-6.801956	-9.104922	-0.000009	-80.895073	13.836834
-13.86311	-6.90476	-9.09208	-0.000009	-80.907921	13.863103
-13.889474	-7.007598	-9.079042	-0.000009	-80.920959	13.88947
-13.915935	-7.110447	-9.065804	-0.000009	-80.934189	13.915937
-13.942496	-7.21333	-9.052382	-0.000009	-80.947617	13.942488
-13.969161	-7.316231	-9.03876	-0.000009	-80.961243	13.969154
-13.995922	-7.419154	-9.024935	-0.000009	-80.97506	13.99592
-14.022783	-7.522094	-9.010922	-0.000009	-80.989067	14.022769
-14.049741	-7.625068	-8.996721	-0.000009	-81.003281	14.049734
-14.076806	-7.728059	-8.982318	-0.000009	-81.017685	14.076798
-14.103974	-7.831073	-8.96772	-0.000009	-81.03228	14.103963
-14.131244	-7.93411	-8.95292	-0.000009	-81.047073	14.131244
-14.158621	-8.037174	-8.937938	-0.000009	-81.06205	14.158607
-14.186093	-8.140256	-8.922754	-0.000009	-81.07724	14.186087
-14.213681	-8.243372	-8.907376	-0.000009	-81.092613	14.213666
-14.241364	-8.346499	-8.891803	-0.000009	-81.108192	14.241361
-14.269161	-8.449656	-8.876034	-0.000009	-81.123962	14.269156
-14.297059	-8.552839	-8.860064	-0.000009	-81.139931	14.29705
-14.325065	-8.656047	-8.843904	-0.000009	-81.15609	14.325062
-14.35318	-8.759281	-8.82755	-0.000009	-81.172447	14.353171
-14.381402	-8.862535	-8.810994	-0.000009	-81.189003	14.381397
-14.409732	-8.965815	-8.794244	-0.000009	-81.205757	14.409723
-14.438174	-9.069118	-8.777298	-0.000009	-81.222694	14.438165
-14.466722	-9.172449	-8.760157	-0.000009	-81.239838	14.466723
-14.495386	-9.275809	-8.742821	-0.000009	-81.257179	14.495381
-14.52416	-9.379186	-8.725283	-0.000009	-81.274712	14.524155
-14.553041	-9.482597	-8.707557	-0.000009	-81.29245	14.553044
-14.582043	-9.586031	-8.689621	-0.000009	-81.310379	14.582034
-14.611151	-9.689487	-8.671498	-0.000009	-81.328506	14.61114
-14.640381	-9.792973	-8.653172	-0.000009	-81.346825	14.640379
-14.669717	-9.89648	-8.63466	-0.000009	-81.365349	14.669717
-14.699166	-10.000016	-8.615937	-0.000009	-81.384064	14.699172
-14.728743	-10.10358	-8.597027	-0.000009	-81.402969	14.728741
-14.758427	-10.207162	-8.577915	-0.000009	-81.422073	14.758429
-14.788232	-10.310777	-8.558608	-0.000009	-81.441383	14.78823
-14.818151	-10.414415	-8.539105	-0.000009	-81.460892	14.818151
-14.848192	-10.518087	-8.519401	-0.000009	-81.480598	14.848184
-14.878356	-10.621777	-8.499502	-0.000009	-81.500496	14.878353
-14.908633	-10.7255	-8.479407	-0.000009	-81.520592	14.908619
-14.939037	-10.829246	-8.459105	-0.000009	-81.540901	14.939035
-14.969553	-10.93302	-8.438613	-0.000009	-81.561386	14.969553
-15.000202	-11.036817	-8.41792	-0.000009	-81.582085	15.000202
-15.030972	-11.140648	-8.397032	-0.000009	-81.602966	15.030967
-15.06186	-11.244501	-8.375942	-0.000009	-81.624054	15.061848
-15.092874	-11.348383	-8.35465	-0.000009	-81.645348	15.092862
-15.124015	-11.452294	-8.33317	-0.000009	-81.666832	15.124009
-15.155281	-11.556228	-8.311488	-0.000009	-81.688499	15.155272
-15.186673	-11.660189	-8.289611	-0.000009	-81.710381	15.186667
-15.218191	-11.764178	-8.267526	-0.000009	-81.73246	15.218179
-15.24984	-11.868202	-8.245245	-0.000009	-81.754745	15.24984
-15.281614	-11.972243	-8.222769	-0.000009	-81.777222	15.281602
-15.313521	-12.076319	-8.200098	-0.000009	-81.799896	15.313511
-15.345555	-12.180416	-8.177218	-0.000009	-81.822784	15.345555
-15.37772	-12.284543	-8.154143	-0.000009	-81.845848	15.377713
-15.410022	-12.388703	-8.130874	-0.000009	-81.869125	15.410022
-15.442451	-12.492886	-8.107403	-0.000009	-81.892593	15.442447
-15.475018	-12.597092	-8.08373	-0.000009	-81.916267	15.475019
-15.507715	-12.701336	-8.059861	-0.000009	-81.940132	15.50771
-15.540552	-12.805604	-8.035791	-0.000009	-81.964211	15.54055
-15.573524	-12.909895	-8.011519	-0.000009	-81.988472	15.573522
-15.60663	-13.014219	-7.987051	-0.000009	-82.012939	15.606627
-15.639874	-13.118573	-7.962383	-0.000009	-82.037613	15.639865
-15.673256	-13.222948	-7.937512	-0.000009	-82.062485	15.673252
-15.706779	-13.327353	-7.912446	-0.000009	-82.087547	15.706771
-15.740442	-13.43179	-7.887179	-0.000009	-82.112816	15.74044
-15.774243	-13.536252	-7.861709	-0.000009	-82.138275	15.774241
-15.808187	-13.64074	-7.836045	-0.000009	-82.163956	15.808177
-15.842276	-13.745265	-7.810179	-0.000009	-82.189819	15.842278
-15.876509	-13.849805	-7.784111	-0.000009	-82.215881	15.876494
-15.910883	-13.954385	-7.757847	-0.000009	-82.242149	15.910876
-15.945403	-14.058988	-7.731375	-0.000009	-82.268623	15.945393
-15.980073	-14.163613	-7.704716	-0.000009	-82.29528	15.980058
-16.014887	-14.268272	-7.677846	-0.000009	-82.322151	16.014889
-16.049843	-14.37296	-7.650776	-0.000009	-82.34922	16.049835
-16.084955	-14.477682	-7.623504	-0.000009	-82.376495	16.084948
-16.120218	-14.582427	-7.596036	-0.000009	-82.403961	16.120209
-16.15563	-14.687195	-7.568367	-0.000009	-82.431625	16.155621
-16.191195	-14.791996	-7.540495	-0.000009	-82.459503	16.191181
-16.226912	-14.89682	-7.512423	-0.000009	-82.487572	16.226908
-16.262779	-15.001678	-7.484155	-0.000009	-82.515846	16.262768
-16.298803	-15.106558	-7.455685	-0.000009	-82.544312	16.298794
-16.334984	-15.211473	-7.427014	-0.000009	-82.572983	16.334986
-16.371319	-15.316418	-7.398133	-0.000009	-82.60186	16.371307
-16.407816	-15.421384	-7.369058	-0.000009	-82.630936	16.407816
-16.444468	-15.526382	-7.339788	-0.000009	-82.66021	16.444454
-16.481283	-15.6314	-7.310309	-0.000009	-82.689682	16.481277
-16.518253	-15.736445	-7.280635	-0.000009	-82.71936	16.518248
-16.555389	-15.841537	-7.250752	-0.000009	-82.749245	16.555386
-16.592684	-15.946639	-7.220675	-0.000009	-82.77932	16.59267
-16.630146	-16.051775	-7.190395	-0.000009	-82.809601	16.63014
-16.667768	-16.156933	-7.159914	-0.000009	-82.840088	16.667759
-16.705561	-16.262121	-7.12923	-0.000009	-82.870766	16.705561
-16.743519	-16.367342	-7.098346	-0.000009	-82.901649	16.743511
-16.781647	-16.472586	-7.067266	-0.000009	-82.932732	16.781643
-16.819942	-16.577864	-7.035977	-0.000009	-82.96402	16.819942
-16.85841	-16.683159	-7.004494	-0.000009	-82.995514	16.858406
-16.897047	-16.788485	-6.972802	-0.000009	-83.027191	16.897038
-16.93585	-16.893841	-6.940914	-0.000009	-83.059082	16.93585
-16.97481	-16.999216	-6.908825	-0.000009	-83.091179	16.974813
-17.013809	-17.104551	-6.876554	-0.000009	-83.123444	17.013809
-17.052723	-17.209799	-6.844116	-0.000009	-83.155876	17.052721
-17.091406	-17.314907	-6.811535	-0.000009	-83.188461	17.091402
-17.129725	-17.419806	-6.778821	-0.000009	-83.221169	17.129719
-17.167545	-17.524448	-6.746006	-0.000009	-83.25399	17.167553
-17.204733	-17.628767	-6.713095	-0.000009	-83.286903	17.204721
-17.241138	-17.732712	-6.680119	-0.000009	-83.319878	17.241129
-17.276623	-17.83622	-6.647094	-0.000009	-83.352905	17.276623
-17.311041	-17.939243	-6.614036	-0.000009	-83.385963	17.311039
-17.344261	-18.041712	-6.580986	-0.000009	-83.419006	17.344259
-17.376122	-18.143587	-6.547934	-0.000009	-83.452065	17.376122
-17.406481	-18.244797	-6.51493	-0.000009	-83.485069	17.406471
-17.4352	-18.345295	-6.48198	-0.000009	-83.518013	17.435196
-17.462111	-18.445019	-6.449104	-0.000009	-83.55088	17.462111
-17.48708	-18.543913	-6.416349	-0.000009	-83.583656	17.487068
-17.509945	-18.641928	-6.383708	-0.000009	-83.616295	17.509935
-17.530556	-18.738993	-6.351215	-0.000009	-83.648781	17.530544
-17.548761	-18.835062	-6.318904	-0.000009	-83.681091	17.548746
-17.5644	-18.930075	-6.286795	-0.000009	-83.713203	17.564394
-17.577318	-19.023973	-6.254901	-0.000009	-83.745102	17.577305
-17.58736	-19.116711	-6.223256	-0.000009	-83.776733	17.587362
-17.594366	-19.20821	-6.191894	-0.000009	-83.808098	17.594364
-17.598175	-19.298424	-6.160827	-0.000009	-83.839172	17.598166
-17.598631	-19.387295	-6.13009	-0.000009	-83.869911	17.598629
-17.595575	-19.474764	-6.099696	-0.000009	-83.900291	17.595575
-17.58884	-19.560772	-6.069693	-0.000009	-83.930305	17.588839
-17.578266	-19.645258	-6.040092	-0.000009	-83.959892	17.578251
-17.563694	-19.728155	-6.01093	-0.000009	-83.989067	17.563683
-17.544956	-19.809412	-5.982232	-0.000009	-84.017769	17.544949
-17.521893	-19.888948	-5.954031	-0.000009	-84.045967	17.521883
-17.494341	-19.966717	-5.926354	-0.000009	-84.073647	17.494335
-17.462147	-20.042648	-5.89923	-0.000009	-84.100769	17.462143
-17.425135	-20.116671	-5.872691	-0.000009	-84.127319	17.425121
-17.383148	-20.188723	-5.846771	-0.000009	-84.153229	17.383141
-17.336058	-20.258749	-5.82149	-0.000009	-84.178505	17.336046
-17.283833	-20.326738	-5.796868	-0.000009	-84.203125	17.283827
-17.226585	-20.392714	-5.772906	-0.000009	-84.227089	17.226576
-17.164442	-20.45673	-5.749576	-0.000009	-84.25042	17.164433
-17.09753	-20.518835	-5.726884	-0.000009	-84.273117	17.097527
-17.02598	-20.579062	-5.704805	-0.000009	-84.295189	17.025972
-16.94993	-20.637472	-5.683339	-0.000009	-84.316658	16.949923
-16.869518	-20.694096	-5.662477	-0.000009	-84.337532	16.869509
-16.784876	-20.748976	-5.642201	-0.000009	-84.357796	16.784863
-16.696142	-20.802172	-5.622504	-0.000009	-84.377487	16.696135
-16.603456	-20.853708	-5.603365	-0.000009	-84.396629	16.603456
-16.506956	-20.903645	-5.584785	-0.000009	-84.415215	16.506947
-16.40679	-20.952024	-5.566741	-0.000009	-84.433258	16.406786
-16.303093	-20.998886	-5.549231	-0.000009	-84.450768	16.303091
-16.196011	-21.044277	-5.532224	-0.000009	-84.467758	16.196011
-16.085686	-21.088247	-5.515722	-0.000009	-84.484268	16.085678
-15.972266	-21.130842	-5.499711	-0.000009	-84.50029	15.972258
-15.855889	-21.172102	-5.484165	-0.000009	-84.515831	15.855885
-15.736715	-21.212086	-5.469075	-0.000009	-84.530922	15.736707
-15.614875	-21.250834	-5.454423	-0.000009	-84.545578	15.614875
-15.490524	-21.288383	-5.440195	-0.000009	-84.559807	15.490519
-15.3638	-21.324816	-5.426377	-0.000009	-84.573608	15.363791
-15.234865	-21.360151	-5.41295	-0.000009	-84.587044	15.234857
-15.103851	-21.394461	-5.399892	-0.000009	-84.600105	15.103847
-14.970914	-21.42779	-5.387191	-0.000009	-84.612808	14.970914
-14.83619	-21.46018	-5.374826	-0.000009	-84.625168	14.836186
-14.699844	-21.491709	-5.362778	-0.000009	-84.637222	14.699834
-14.562018	-21.522417	-5.351018	-0.000009	-84.648972	14.562006
-14.422843	-21.552361	-5.339542	-0.000009	-84.660446	14.422832
-14.28248	-21.581598	-5.328321	-0.000009	-84.671669	14.28248
-14.141077	-21.610193	-5.317341	-0.000009	-84.682663	14.141068
-13.998774	-21.638199	-5.306564	-0.000009	-84.693436	13.998775
-13.855721	-21.665676	-5.295976	-0.000009	-84.704018	13.855719
-13.712053	-21.692692	-5.285555	-0.000009	-84.714439	13.712048
-13.567928	-21.719307	-5.275283	-0.000009	-84.724716	13.567929
-13.423486	-21.745581	-5.265125	-0.000009	-84.734886	13.423479
-13.278847	-21.771572	-5.255067	-0.000009	-84.744926	13.278831
-13.134027	-21.797291	-5.245097	-0.000009	-84.754898	13.134015
-12.989046	-21.822729	-5.235235	-0.000009	-84.764763	12.989034
-12.843891	-21.847897	-5.225454	-0.000009	-84.774536	12.843886
-12.698567	-21.872793	-5.21578	-0.000009	-84.784218	12.698557
-12.553082	-21.897409	-5.2062	-0.000009	-84.793793	12.553078
-12.407425	-21.921749	-5.196715	-0.000009	-84.803284	12.407416
-12.26161	-21.945808	-5.187337	-0.000009	-84.81266	12.261605
-12.115635	-21.969599	-5.178047	-0.000009	-84.821945	12.115628
-11.969497	-21.993103	-5.168864	-0.000009	-84.831131	11.969485
-11.823196	-22.016329	-5.159775	-0.000009	-84.840218	11.823194
-11.676748	-22.039278	-5.150795	-0.000009	-84.849205	11.676735
-11.530136	-22.061951	-5.141908	-0.000009	-84.858086	11.530128
-11.383376	-22.084335	-5.133122	-0.000009	-84.866867	11.383371
-11.236465	-22.10644	-5.124444	-0.000009	-84.875557	11.236465
-11.089405	-22.128263	-5.115867	-0.000009	-84.884132	11.089394
-10.942194	-22.149811	-5.107384	-0.000009	-84.892609	10.942188
-10.79484	-22.171068	-5.099015	-0.000009	-84.900978	10.794835
-10.647336	-22.192043	-5.090747	-0.000009	-84.909241	10.647331
-10.499689	-22.212746	-5.082587	-0.000009	-84.917412	10.499679
-10.351909	-22.233156	-5.074521	-0.000009	-84.925476	10.351892
-10.203979	-22.253273	-5.066569	-0.000009	-84.933426	10.203974
-10.055919	-22.273119	-5.058725	-0.000009	-84.941269	10.055906
-9.90772	-22.292673	-5.050982	-0.000009	-84.949013	9.907723
-9.759388	-22.311939	-5.043347	-0.000009	-84.95665	9.759389
-9.610926	-22.330927	-5.035819	-0.000009	-84.964172	9.610924
-9.462332	-22.349625	-5.028405	-0.000009	-84.971596	9.462325
-9.313605	-22.368029	-5.021086	-0.000009	-84.978905	9.313594
-9.164759	-22.386154	-5.013888	-0.000009	-84.986115	9.164746
-9.015781	-22.403984	-5.006791	-0.000009	-84.99321	9.015782
-8.866684	-22.421526	-4.999808	-0.000009	-85.000198	8.866669
-8.717465	-22.438782	-4.992939	-0.000009	-85.00705	8.717457
-8.568129	-22.45575	-4.986172	-0.000009	-85.013824	8.568128
-8.418671	-22.472427	-4.979518	-0.000009	-85.02047	8.418667
-8.2691	-22.48881	-4.97298	-0.000009	-85.027016	8.269089
-8.119414	-22.504904	-4.966555	-0.000009	-85.033447	8.119411
-7.969616	-22.5207	-4.960231	-0.000009	-85.039764	7.969617
-7.819709	-22.536217	-4.954029	-0.000009	-85.045967	7.819708
-7.669701	-22.551437	-4.947934	-0.000009	-85.052048	7.669699
-7.519578	-22.566366	-4.94196	-0.000009	-85.058037	7.519574
-7.369354	-22.581009	-4.936094	-0.000009	-85.063904	7.369349
-7.219028	-22.595348	-4.930342	-0.000009	-85.069649	7.219024
-7.068606	-22.609398	-4.924705	-0.000009	-85.075287	7.0686
-6.918082	-22.623154	-4.919182	-0.000009	-85.080818	6.918077
-6.767462	-22.636614	-4.913773	-0.000009	-85.086227	6.767454
-6.616746	-22.649784	-4.908478	-0.000009	-85.091522	6.616731
-6.465941	-22.662657	-4.903298	-0.000009	-85.096695	6.465925
-6.315046	-22.675238	-4.89824	-0.000009	-85.101753	6.315037
-6.164061	-22.687523	-4.893295	-0.000009	-85.106697	6.164049
-6.012991	-22.699501	-4.888472	-0.000009	-85.111526	6.012978
-5.861838	-22.711199	-4.883756	-0.000009	-85.116241	5.861823
-5.710602	-22.722593	-4.879161	-0.000009	-85.120834	5.710586
-5.559287	-22.733692	-4.874687	-0.000009	-85.125313	5.559283
-5.407894	-22.744492	-4.870328	-0.000009	-85.129669	5.407879
-5.256423	-22.755001	-4.866083	-0.000009	-85.133911	5.25641
-5.104881	-22.765209	-4.861959	-0.000009	-85.138031	5.104875
-4.953267	-22.77512	-4.857957	-0.000009	-85.142036	4.953256
-4.80158	-22.784731	-4.854075	-0.000009	-85.14592	4.80157
-4.649828	-22.794048	-4.850301	-0.000009	-85.149696	4.649819
-4.49801	-22.803066	-4.846655	-0.000009	-85.153343	4.498001
-4.346132	-22.811783	-4.84313	-0.000009	-85.15686	4.346117
-4.194188	-22.820206	-4.839719	-0.000009	-85.160271	4.194183
-4.04219	-22.828325	-4.836429	-0.000009	-85.163567	4.042182
-3.890132	-22.836145	-4.833261	-0.000009	-85.166733	3.890132
-3.73802	-22.84367	-4.830213	-0.000009	-85.169785	3.738016
-3.585855	-22.850893	-4.827287	-0.000009	-85.172722	3.585849
-3.433635	-22.857817	-4.824475	-0.000009	-85.175522	3.433633
-3.281374	-22.864445	-4.821791	-0.000009	-85.1782	3.281367
-3.129064	-22.870768	-4.819221	-0.000009	-85.180771	3.129052
-2.976707	-22.876787	-4.816779	-0.000009	-85.183212	2.976702
-2.824307	-22.882513	-4.814458	-0.000009	-85.185539	2.824304
-2.671872	-22.887934	-4.812258	-0.000009	-85.187737	2.671872
-2.519395	-22.893057	-4.810173	-0.000009	-85.189819	2.51939
-2.366888	-22.897881	-4.808215	-0.000009	-85.191772	2.366875
-2.214338	-22.902403	-4.806378	-0.000009	-85.193619	2.214328
-2.061765	-22.906626	-4.804663	-0.000009	-85.195335	2.061763
-1.909162	-22.910545	-4.803069	-0.000009	-85.196922	1.909149
-1.756529	-22.914162	-4.801602	-0.000009	-85.198395	1.756518
-1.603872	-22.91748	-4.80025	-0.000009	-85.199738	1.60387
-1.451191	-22.920494	-4.799026	-0.000009	-85.200966	1.451189
-1.298486	-22.923208	-4.797922	-0.000009	-85.202072	1.298475
-1.145769	-22.925623	-4.79694	-0.000009	-85.203049	1.145761
-0.993034	-22.927736	-4.796086	-0.000009	-85.203911	0.993031
-0.840288	-22.929546	-4.795346	-0.000009	-85.204651	0.840284
-0.687523	-22.931049	-4.794734	-0.000009	-85.205261	0.68752
-0.534752	-22.932259	-4.794242	-0.000009	-85.205757	0.534739
-0.381975	-22.933161	-4.793872	-0.000009	-85.206116	0.381959
-0.229192	-22.933767	-4.793631	-0.000009	-85.206367	0.229179
-0.076403	-22.934067	-4.793509	-0.000009	-85.20649	0.076398
0.076385	-22.934067	-4.793509	-0.000009	-85.20649	-0.076398
0.229174	-22.933767	-4.793631	-0.000009	-85.206367	-0.229179
0.381957	-22.933161	-4.793872	-0.000009	-85.206116	-0.381959
0.53474	-22.932259	-4.794242	-0.000009	-85.20575	-0.534739
0.687511	-22.931049	-4.794734	-0.000009	-85.205261	-0.68752
0.84027	-22.929546	-4.795346	-0.000009	-85.204651	-0.840284
0.993023	-22.927736	-4.796086	-0.000009	-85.203911	-0.993031
1.145757	-22.925623	-4.79694	-0.000009	-85.203049	-1.145761
1.298474	-22.923208	-4.797922	-0.000009	-85.202072	-1.298475
1.451173	-22.920494	-4.799026	-0.000009	-85.200966	-1.451189
1.603854	-22.91748	-4.80025	-0.000009	-85.199738	-1.60387
1.756511	-22.914165	-4.801602	-0.000009	-85.198395	-1.756518
1.909144	-22.910545	-4.803069	-0.000009	-85.196922	-1.909149
2.061754	-22.906626	-4.804663	-0.000009	-85.195335	-2.061763
2.214326	-22.902403	-4.806378	-0.000009	-85.193611	-2.214328
2.366869	-22.897881	-4.808215	-0.000009	-85.191772	-2.366875
2.519383	-22.893057	-4.810173	-0.000009	-85.189819	-2.51939
2.67186	-22.887934	-4.812258	-0.000009	-85.187737	-2.671872
2.824295	-22.882513	-4.814458	-0.000009	-85.185539	-2.824304
2.976695	-22.876787	-4.816779	-0.000009	-85.183212	-2.976702
3.129046	-22.870768	-4.819221	-0.000009	-85.180771	-3.129052
3.281362	-22.864445	-4.821791	-0.000009	-85.1782	-3.281367
3.433623	-22.857817	-4.824475	-0.000009	-85.175522	-3.433633
3.585836	-22.850893	-4.827287	-0.000009	-85.172722	-3.585849
3.738003	-22.84367	-4.830213	-0.000009	-85.169785	-3.738016
3.89012	-22.836145	-4.833261	-0.000009	-85.166725	-3.890132
4.042178	-22.828325	-4.836429	-0.000009	-85.163567	-4.042182
4.194176	-22.820206	-4.839719	-0.000009	-85.160271	-4.194183
4.34612	-22.811783	-4.84313	-0.000009	-85.15686	-4.346117
4.497998	-22.803066	-4.846655	-0.000009	-85.153343	-4.498001
4.649816	-22.794048	-4.850301	-0.000009	-85.149696	-4.649819
4.801569	-22.784731	-4.854075	-0.000009	-85.14592	-4.80157
4.953249	-22.775124	-4.857957	-0.000009	-85.142036	-4.953256
5.104863	-22.765209	-4.861959	-0.000009	-85.138031	-5.104875
5.256405	-22.755001	-4.866083	-0.000009	-85.133911	-5.25641
5.407876	-22.744492	-4.870328	-0.000009	-85.129669	-5.407879
5.559268	-22.733692	-4.874687	-0.000009	-85.125313	-5.559283
5.710583	-22.722593	-4.879161	-0.000009	-85.120827	-5.710586
5.86182	-22.711199	-4.883756	-0.000009	-85.116241	-5.861823
6.012973	-22.699509	-4.888464	-0.000009	-85.111526	-6.012978
6.164049	-22.687523	-4.893295	-0.000009	-85.106697	-6.164049
6.315028	-22.675238	-4.89824	-0.000009	-85.101753	-6.315037
6.465923	-22.662663	-4.903298	-0.000009	-85.096695	-6.465925
6.616735	-22.649784	-4.908478	-0.000009	-85.091515	-6.616731
6.767444	-22.63662	-4.913773	-0.000009	-85.08622	-6.767454
6.918064	-22.623154	-4.919182	-0.000009	-85.080811	-6.918077
7.068588	-22.609398	-4.924705	-0.000009	-85.075287	-7.0686
7.219016	-22.595348	-4.930342	-0.000009	-85.069649	-7.219024
7.369342	-22.581009	-4.936094	-0.000009	-85.063896	-7.369349
7.519566	-22.566366	-4.94196	-0.000009	-85.058029	-7.519574
7.669683	-22.551443	-4.947934	-0.000009	-85.052048	-7.669699
7.819697	-22.536217	-4.954029	-0.000009	-85.045967	-7.819708
7.969604	-22.520708	-4.960231	-0.000009	-85.039764	-7.969617
8.119403	-22.504904	-4.966555	-0.000009	-85.03344	-8.119411
8.269088	-22.48881	-4.97298	-0.000009	-85.027008	-8.269089
8.418659	-22.472427	-4.979518	-0.000009	-85.02047	-8.418667
8.56811	-22.45575	-4.986172	-0.000009	-85.013824	-8.568128
8.717453	-22.438787	-4.992939	-0.000009	-85.00705	-8.717457
8.866672	-22.42153	-4.999808	-0.000009	-85.000183	-8.866669
9.015769	-22.403988	-5.006791	-0.000009	-84.99321	-9.015782
9.164741	-22.386154	-5.013888	-0.000009	-84.986115	-9.164746
9.313593	-22.368029	-5.021086	-0.000009	-84.978905	-9.313594
9.462314	-22.349625	-5.028405	-0.000009	-84.971588	-9.462325
9.610913	-22.330927	-5.035819	-0.000009	-84.964172	-9.610924
9.759377	-22.311945	-5.043347	-0.000009	-84.956642	-9.759373
9.907707	-22.292679	-5.050975	-0.000009	-84.949013	-9.907723
10.055906	-22.273119	-5.058719	-0.000009	-84.941269	-10.055906
10.203967	-22.253273	-5.066569	-0.000009	-84.933426	-10.203974
10.351892	-22.233156	-5.074521	-0.000009	-84.925476	-10.351892
10.499677	-22.212746	-5.082587	-0.000009	-84.917404	-10.499679
10.647324	-22.192047	-5.090747	-0.000009	-84.909241	-10.647331
10.794822	-22.171068	-5.099015	-0.000009	-84.900978	-10.794835
10.942177	-22.149811	-5.107384	-0.000009	-84.892609	-10.942188
11.089387	-22.128263	-5.115867	-0.000009	-84.884132	-11.089394
11.236453	-22.10644	-5.124444	-0.000009	-84.875549	-11.236465
11.383364	-22.084335	-5.133122	-0.000009	-84.866867	-11.383371
11.530125	-22.061951	-5.141908	-0.000009	-84.858086	-11.530128
11.67673	-22.039278	-5.150795	-0.000009	-84.849197	-11.676735
11.823185	-22.016329	-5.159775	-0.000009	-84.840218	-11.823194
11.969479	-21.993103	-5.168864	-0.000009	-84.831123	-11.969485
12.115617	-21.969599	-5.178047	-0.000009	-84.821938	-12.115628
12.261599	-21.945808	-5.187337	-0.000009	-84.81266	-12.261605
12.407413	-21.921749	-5.196715	-0.000009	-84.803268	-12.407416
12.553064	-21.897409	-5.2062	-0.000009	-84.793785	-12.553078
12.698555	-21.872799	-5.21578	-0.000009	-84.784218	-12.698557
12.843879	-21.847897	-5.225454	-0.000009	-84.774529	-12.843886
12.989033	-21.822737	-5.235229	-0.000009	-84.764763	-12.989034
13.134015	-21.797291	-5.245097	-0.000009	-84.754898	-13.134031
13.278829	-21.771572	-5.255067	-0.000009	-84.744926	-13.278847
13.423474	-21.745581	-5.265125	-0.000009	-84.734871	-13.423479
13.567904	-21.719318	-5.275276	-0.000009	-84.724716	-13.567913
13.711945	-21.692743	-5.285542	-0.000009	-84.714455	-13.711948
13.85538	-21.665861	-5.295902	-0.000009	-84.704086	-13.855386
13.997989	-21.638636	-5.30639	-0.000009	-84.693604	-13.997994
14.139561	-21.61105	-5.317012	-0.000009	-84.682983	-14.139574
14.27988	-21.583078	-5.327755	-0.000009	-84.672234	-14.279892
14.418731	-21.55471	-5.338647	-0.000009	-84.661346	-14.418735
14.555893	-21.525928	-5.349673	-0.000009	-84.650322	-14.5559
14.691161	-21.496731	-5.360854	-0.000009	-84.639137	-14.691174
14.824314	-21.467098	-5.372182	-0.000009	-84.627808	-14.824323
14.955143	-21.437012	-5.383673	-0.000009	-84.616325	-14.955149
15.083436	-21.406469	-5.395318	-0.000009	-84.604675	-15.083436
15.208975	-21.375467	-5.407124	-0.000009	-84.592873	-15.208987
15.331552	-21.34399	-5.419098	-0.000009	-84.580894	-15.331565
15.45096	-21.312029	-5.431234	-0.000009	-84.568756	-15.450958
15.566981	-21.279604	-5.443525	-0.000009	-84.556465	-15.566985
15.679408	-21.246679	-5.455997	-0.000009	-84.543991	-15.679408
15.78803	-21.213266	-5.468624	-0.000009	-84.531364	-15.788049
15.89265	-21.179359	-5.481427	-0.000009	-84.518562	-15.892656
15.993045	-21.144964	-5.49439	-0.000009	-84.5056	-15.993051
16.08902	-21.110071	-5.507521	-0.000009	-84.49247	-16.089029
16.180359	-21.074678	-5.520822	-0.000009	-84.479172	-16.180361
16.266872	-21.038784	-5.534289	-0.000009	-84.465706	-16.266882
16.348345	-21.002398	-5.547912	-0.000009	-84.452072	-16.348358
16.424574	-20.965511	-5.561703	-0.000009	-84.438286	-16.424574
16.495363	-20.928127	-5.575662	-0.000009	-84.424332	-16.495365
16.560507	-20.890236	-5.589782	-0.000009	-84.41021	-16.560513
16.61981	-20.851841	-5.604065	-0.000009	-84.395927	-16.61982
16.673065	-20.812952	-5.618501	-0.000009	-84.381493	-16.673069
16.720079	-20.77354	-5.633106	-0.000009	-84.366882	-16.720097
16.760662	-20.73362	-5.647879	-0.000009	-84.352112	-16.760668
16.794613	-20.693174	-5.662821	-0.000009	-84.337173	-16.794619
16.821733	-20.652208	-5.677917	-0.000009	-84.322083	-16.821735
16.841837	-20.610708	-5.693181	-0.000009	-84.306808	-16.841846
16.854725	-20.568659	-5.708626	-0.000009	-84.291367	-16.85474
16.860249	-20.526066	-5.724234	-0.000009	-84.275764	-16.860249
16.858421	-20.482908	-5.740016	-0.000009	-84.259972	-16.858423
16.849445	-20.439219	-5.755967	-0.000009	-84.244026	-16.849463
16.833555	-20.395	-5.772072	-0.000009	-84.227921	-16.833567
16.81097	-20.350277	-5.788332	-0.000009	-84.211662	-16.81098
16.781933	-20.305038	-5.804739	-0.000009	-84.195251	-16.781942
16.746666	-20.259312	-5.821288	-0.000009	-84.178696	-16.746679
16.705412	-20.2131	-5.837979	-0.000009	-84.162018	-16.70541
16.658381	-20.166416	-5.854804	-0.000009	-84.145187	-16.658384
16.605812	-20.119253	-5.87177	-0.000009	-84.128227	-16.605814
16.54793	-20.071619	-5.888857	-0.000009	-84.111137	-16.547935
16.484966	-20.023525	-5.906065	-0.000009	-84.093925	-16.484978
16.417143	-19.974972	-5.923408	-0.000009	-84.076584	-16.417156
16.344688	-19.92597	-5.940872	-0.000009	-84.059128	-16.344692
16.267826	-19.876509	-5.95845	-0.000009	-84.041542	-16.267828
16.186777	-19.826607	-5.976143	-0.000009	-84.023849	-16.186783
16.10177	-19.77626	-5.993957	-0.000009	-84.006042	-16.101772
16.013023	-19.725475	-6.011878	-0.000009	-83.988121	-16.013029
15.920757	-19.674261	-6.029901	-0.000009	-83.970085	-15.920766
15.825205	-19.622622	-6.048038	-0.000009	-83.951958	-15.825219
15.726572	-19.570562	-6.066268	-0.000009	-83.933723	-15.726584
15.625079	-19.51808	-6.0846	-0.000009	-83.91539	-15.625079
15.520951	-19.465197	-6.103026	-0.000009	-83.896965	-15.520969
15.414403	-19.411917	-6.121546	-0.000009	-83.878448	-15.414403
15.305643	-19.358246	-6.140147	-0.000009	-83.859848	-15.305646
15.194893	-19.304199	-6.158836	-0.000009	-83.841156	-15.194899
15.082364	-19.24979	-6.177591	-0.000009	-83.822403	-15.082375
14.968278	-19.195023	-6.196421	-0.000009	-83.803574	-14.968274
14.85283	-19.139915	-6.215318	-0.000009	-83.784676	-14.85283
14.736239	-19.08449	-6.234268	-0.000009	-83.765717	-14.736242
14.618713	-19.028746	-6.253273	-0.000009	-83.746719	-14.618724
14.500467	-18.972721	-6.272325	-0.000009	-83.727661	-14.500475
14.381701	-18.916414	-6.291417	-0.000009	-83.70858	-14.381713
14.262624	-18.859865	-6.310535	-0.000009	-83.689453	-14.262634
14.143432	-18.803083	-6.329675	-0.000009	-83.670319	-14.14344
14.024342	-18.746098	-6.348834	-0.000009	-83.651154	-14.024345
13.905509	-18.688925	-6.367993	-0.000009	-83.631996	-13.905517
13.786976	-18.631571	-6.387159	-0.000009	-83.612831	-13.786986
13.668736	-18.574028	-6.406332	-0.000009	-83.593658	-13.668737
13.550792	-18.51631	-6.425505	-0.000009	-83.574478	-13.550804
13.43315	-18.45841	-6.444684	-0.000009	-83.555305	-13.433153
13.315799	-18.40033	-6.463857	-0.000009	-83.53614	-13.315802
13.198746	-18.342079	-6.483036	-0.000009	-83.51696	-13.198748
13.081986	-18.283651	-6.502209	-0.000009	-83.49778	-13.081993
12.965527	-18.225042	-6.521382	-0.000009	-83.478607	-12.965536
12.849355	-18.166258	-6.540554	-0.000009	-83.459435	-12.849362
12.733488	-18.107304	-6.559727	-0.000009	-83.440262	-12.733487
12.617909	-18.04817	-6.578887	-0.000009	-83.421104	-12.61791
12.50263	-17.988871	-6.598053	-0.000009	-83.401939	-12.502632
12.387639	-17.929394	-6.617205	-0.000009	-83.382782	-12.387652
12.272947	-17.869751	-6.636357	-0.000009	-83.363625	-12.272955
12.158548	-17.809933	-6.655497	-0.000009	-83.344498	-12.158557
12.044451	-17.74995	-6.674629	-0.000009	-83.325363	-12.044457
11.930639	-17.689798	-6.693754	-0.000009	-83.306236	-11.930639
11.817122	-17.629477	-6.712873	-0.000009	-83.287125	-11.817137
11.703897	-17.568995	-6.731972	-0.000009	-83.268021	-11.703899
11.590973	-17.508337	-6.751071	-0.000009	-83.248924	-11.590978
11.478336	-17.447519	-6.770149	-0.000009	-83.229843	-11.478338
11.365987	-17.386539	-6.789221	-0.000009	-83.210777	-11.365997
11.253937	-17.325396	-6.808273	-0.000009	-83.191719	-11.253939
11.142176	-17.264086	-6.827311	-0.000009	-83.172684	-11.142179
11.030713	-17.20262	-6.846336	-0.000009	-83.153656	-11.030717
10.919533	-17.140987	-6.865347	-0.000009	-83.134644	-10.919538
10.808645	-17.079201	-6.884331	-0.000009	-83.115654	-10.808658
10.698051	-17.017256	-6.903316	-0.000009	-83.096672	-10.698059
10.587752	-16.955145	-6.922266	-0.000009	-83.077721	-10.587759
10.477734	-16.892881	-6.941204	-0.000009	-83.058792	-10.47774
10.36801	-16.83046	-6.960121	-0.000009	-83.039864	-10.368022
10.258578	-16.767883	-6.979018	-0.000009	-83.020973	-10.258585
10.149429	-16.705156	-6.997888	-0.000009	-83.002106	-10.149429
10.040573	-16.642267	-7.016744	-0.000009	-82.983246	-10.04059
9.932004	-16.579227	-7.035567	-0.000009	-82.964424	-9.932016
9.823725	-16.516033	-7.054377	-0.000009	-82.945618	-9.823741
9.715732	-16.452692	-7.073152	-0.000009	-82.926826	-9.715748
9.608031	-16.389196	-7.091908	-0.000009	-82.908081	-9.608036
9.500614	-16.325554	-7.110637	-0.000009	-82.889351	-9.500624
9.393478	-16.261751	-7.129339	-0.000009	-82.870651	-9.393494
9.286635	-16.197809	-7.148013	-0.000009	-82.851982	-9.286645
9.180075	-16.133718	-7.166661	-0.000009	-82.833328	-9.180079
9.073801	-16.069481	-7.185276	-0.000009	-82.814728	-9.073812
8.96781	-16.005093	-7.203863	-0.000009	-82.796127	-8.96781
8.862105	-15.940567	-7.222417	-0.000009	-82.777573	-8.862105
8.756683	-15.875885	-7.240944	-0.000009	-82.759056	-8.756685
8.651547	-15.811069	-7.259438	-0.000009	-82.740555	-8.651546
8.546689	-15.746104	-7.277897	-0.000009	-82.722092	-8.546705
8.442118	-15.681003	-7.296323	-0.000009	-82.703674	-8.44213
8.337827	-15.615748	-7.314715	-0.000009	-82.685272	-8.337837
8.23382	-15.550365	-7.333067	-0.000009	-82.666924	-8.233827
8.130098	-15.484838	-7.351392	-0.000009	-82.648605	-8.130098
8.026653	-15.41917	-7.369677	-0.000009	-82.630318	-8.026651
7.923484	-15.35336	-7.387921	-0.000009	-82.612068	-7.923486
7.820601	-15.28742	-7.406132	-0.000009	-82.593857	-7.820604
7.717996	-15.221336	-7.424302	-0.000009	-82.575691	-7.718004
7.615671	-15.155112	-7.442432	-0.000009	-82.557549	-7.615669
7.513622	-15.088764	-7.460522	-0.000009	-82.539467	-7.513633
7.411855	-15.022272	-7.478578	-0.000009	-82.521423	-7.411862
7.310358	-14.95565	-7.496587	-0.000009	-82.503403	-7.310374
7.209147	-14.888892	-7.514555	-0.000009	-82.485435	-7.209151
7.108206	-14.821999	-7.532484	-0.000009	-82.467514	-7.10821
7.007542	-14.754979	-7.550357	-0.000009	-82.449623	-7.007551
6.907158	-14.687819	-7.568199	-0.000009	-82.431793	-6.907158
6.807045	-14.620539	-7.585992	-0.000009	-82.414001	-6.807047
6.707207	-14.553123	-7.603739	-0.000009	-82.396255	-6.707218
6.607645	-14.485581	-7.621439	-0.000009	-82.378555	-6.607655
6.508352	-14.41791	-7.63909	-0.000009	-82.360901	-6.508356
6.409335	-14.350108	-7.656703	-0.000009	-82.343292	-6.40934
6.310588	-14.282176	-7.674253	-0.000009	-82.325729	-6.31059
6.212116	-14.214124	-7.691765	-0.000009	-82.308228	-6.212121
6.113914	-14.145942	-7.709223	-0.000009	-82.290771	-6.113918
6.015987	-14.077641	-7.726633	-0.000009	-82.273361	-6.015997
5.918324	-14.009209	-7.743996	-0.000009	-82.255997	-5.918325
5.820931	-13.940652	-7.761305	-0.000009	-82.238686	-5.820936
5.723808	-13.871976	-7.77856	-0.000009	-82.221436	-5.723812
5.626954	-13.803186	-7.795762	-0.000009	-82.204239	-5.626969
5.53037	-13.734262	-7.81291	-0.000009	-82.18708	-5.530376
5.434055	-13.665216	-7.830003	-0.000009	-82.169991	-5.434065
5.337998	-13.596059	-7.847044	-0.000009	-82.152946	-5.338002
5.242216	-13.526774	-7.86403	-0.000009	-82.135963	-5.242222
5.146693	-13.457378	-7.880962	-0.000009	-82.119026	-5.146708
5.051438	-13.387851	-7.897835	-0.000009	-82.102158	-5.051442
4.956454	-13.318216	-7.914653	-0.000009	-82.085342	-4.956458
4.861727	-13.248463	-7.931404	-0.000009	-82.068588	-4.86174
4.767264	-13.178589	-7.948108	-0.000009	-82.051888	-4.767271
4.673065	-13.108603	-7.964751	-0.000009	-82.03524	-4.673067
4.579123	-13.038502	-7.981327	-0.000009	-82.018669	-4.579129
4.485451	-12.968288	-7.997849	-0.000009	-82.002144	-4.485456
4.392036	-12.89795	-8.014311	-0.000009	-81.98568	-4.392049
4.298879	-12.827515	-8.030705	-0.000009	-81.969292	-4.298891
4.205986	-12.756954	-8.047046	-0.000009	-81.95295	-4.205997
4.11335	-12.686287	-8.063319	-0.000009	-81.936676	-4.113354
4.020973	-12.615505	-8.079525	-0.000009	-81.920471	-4.020976
3.928852	-12.544611	-8.095677	-0.000009	-81.90432	-3.928862
3.836995	-12.473608	-8.111755	-0.000009	-81.888237	-3.836998
3.745391	-12.402498	-8.127773	-0.000009	-81.872223	-3.7454
3.654043	-12.331274	-8.14373	-0.000009	-81.856262	-3.65405
3.562948	-12.259948	-8.159613	-0.000009	-81.840393	-3.56295
3.472109	-12.188515	-8.175436	-0.000009	-81.824562	-3.472115
3.381529	-12.116966	-8.191184	-0.000009	-81.808807	-3.381528
3.291194	-12.045323	-8.206865	-0.000009	-81.793129	-3.291207
3.201123	-11.973559	-8.222486	-0.000009	-81.777504	-3.201119
3.111298	-11.9017	-8.238033	-0.000009	-81.761963	-3.111296
3.021724	-11.829739	-8.253506	-0.000009	-81.746483	-3.021739
2.932414	-11.757669	-8.268918	-0.000009	-81.731071	-2.93243
2.843428	-11.68556	-8.284236	-0.000009	-81.715752	-2.843437
2.754831	-11.613469	-8.299466	-0.000009	-81.700531	-2.754842
2.666689	-11.541445	-8.314582	-0.000009	-81.685417	-2.666695
2.579081	-11.469551	-8.329584	-0.000009	-81.67041	-2.579079
2.492059	-11.397839	-8.344452	-0.000009	-81.65554	-2.49206
2.405697	-11.326377	-8.359178	-0.000009	-81.640816	-2.405705
2.320066	-11.255221	-8.373755	-0.000009	-81.626236	-2.320064
2.23522	-11.18444	-8.388159	-0.000009	-81.611832	-2.235219
2.151225	-11.114084	-8.402393	-0.000009	-81.597603	-2.151237
2.068147	-11.044217	-8.41644	-0.000009	-81.583557	-2.068152
1.986051	-10.974899	-8.430285	-0.000009	-81.569702	-1.986061
1.904992	-10.906189	-8.443928	-0.000009	-81.556068	-1.905
1.825041	-10.838149	-8.457355	-0.000009	-81.542641	-1.82505
1.746247	-10.770846	-8.470553	-0.000009	-81.529434	-1.746263
1.668681	-10.704338	-8.483518	-0.000009	-81.516479	-1.668686
1.592392	-10.638687	-8.496239	-0.000009	-81.503761	-1.592404
1.517444	-10.573955	-8.508705	-0.000009	-81.491295	-1.517449
1.443899	-10.5102	-8.520907	-0.000009	-81.479095	-1.443904
1.371816	-10.447494	-8.532835	-0.000009	-81.467155	-1.37182
1.301243	-10.385888	-8.544494	-0.000009	-81.455505	-1.301246
1.232239	-10.325452	-8.555863	-0.000009	-81.44413	-1.232249
1.164872	-10.266253	-8.566929	-0.000009	-81.433067	-1.164877
1.099188	-10.208353	-8.577693	-0.000009	-81.422295	-1.099199
1.035242	-10.151804	-8.588154	-0.000009	-81.411842	-1.035246
0.973093	-10.096681	-8.598291	-0.000009	-81.401703	-0.973101
0.912802	-10.043031	-8.608107	-0.000009	-81.391891	-0.912816
0.854417	-9.990948	-8.617585	-0.000009	-81.382408	-0.854422
0.797996	-9.940465	-8.626728	-0.000009	-81.373268	-0.798002
0.743595	-9.891657	-8.63552	-0.000009	-81.364471	-0.743607
0.691268	-9.84459	-8.64397	-0.000009	-81.356026	-0.69127
0.641067	-9.799323	-8.652042	-0.000009	-81.347946	-0.641073
0.593054	-9.755928	-8.659759	-0.000009	-81.34024	-0.593067
0.547275	-9.714457	-8.667091	-0.000009	-81.332901	-0.547284
0.503792	-9.674977	-8.674054	-0.000009	-81.325943	-0.503792
0.462645	-9.637547	-8.68062	-0.000009	-81.319374	-0.462655
0.423829	-9.60216	-8.686809	-0.000009	-81.313187	-0.423842
0.387278	-9.56878	-8.692635	-0.000009	-81.307373	-0.387286
0.352914	-9.537348	-8.698084	-0.000009	-81.30191	-0.35292
0.320671	-9.507804	-8.703204	-0.000009	-81.296791	-0.320678
0.290478	-9.480095	-8.70798	-0.000009	-81.292007	-0.290493
0.262262	-9.454161	-8.712447	-0.000009	-81.287552	-0.262267
0.235945	-9.429941	-8.716603	-0.000009	-81.283394	-0.235949
0.211468	-9.407395	-8.720466	-0.000009	-81.279526	-0.211473
0.188753	-9.386438	-8.724045	-0.000009	-81.27594	-0.188756
0.167739	-9.367037	-8.727354	-0.000009	-81.272636	-0.167748
0.148355	-9.349116	-8.730402	-0.000009	-81.2696	-0.148366
0.130535	-9.33263	-8.733207	-0.000009	-81.266785	-0.130544
0.114201	-9.317508	-8.73577	-0.000009	-81.264221	-0.114216
0.099299	-9.303696	-8.738104	-0.000009	-81.261894	-0.099298
0.085757	-9.291142	-8.740231	-0.000009	-81.259766	-0.085757
0.073509	-9.279776	-8.742147	-0.000009	-81.257843	-0.073511
0.06249	-9.269545	-8.743876	-0.000009	-81.256119	-0.062493
0.052633	-9.260391	-8.745417	-0.000009	-81.254585	-0.052636
0.043873	-9.252248	-8.74679	-0.000009	-81.253204	-0.043874
0.036143	-9.245063	-8.747993	-0.000009	-81.251999	-0.036158
0.029385	-9.238781	-8.74905	-0.000009	-81.250954	-0.029388
0.023518	-9.233322	-8.749965	-0.000009	-81.250023	-0.02353
0.018497	-9.228646	-8.750752	-0.000009	-81.249237	-0.018502
0.014243	-9.224691	-8.751418	-0.000009	-81.248573	-0.014254
0.010702	-9.221394	-8.751969	-0.000009	-81.248024	-0.010703
0.007796	-9.218688	-8.75242	-0.000009	-81.247574	-0.007799
0.005477	-9.216525	-8.752783	-0.000009	-81.247208	-0.005476
0.003667	-9.21484	-8.753066	-0.000009	-81.246925	-0.003667
0.002307	-9.213574	-8.753281	-0.000009	-81.246712	-0.002307
0.00133	-9.212666	-8.753429	-0.000009	-81.246559	-0.001344
0.000677	-9.212059	-8.753537	-0.000009	-81.24646	-0.00068
0.000282	-9.21169	-8.753598	-0.000009	-81.246391	-0.000282
0.000078	-9.211503	-8.753631	-0.000009	-81.246361	-0.000083
0.000006	-9.211424	-8.753638	-0.000009	-81.246353	-0.000017
-0.000006	-9.211417	-8.753645	-0.000009	-81.246353	0
-0.000006	-9.211417	-8.753645	-0.000009	-81.246353	0
